"RouteID","StationId","EstimateTime","Memo"
"113","4002","86",""
"113","4003","88",""
"113","4004","88",""
"113","4005","2",""
"113","4006","3",""
"113","4007","4",""
"113","4008","5",""
"113","4009","7",""
"113","4010","8",""
"113","4011","9",""
"113","4012","9",""
"113","4013","10",""
"113","4014","11",""
"113","4015","12",""
"113","4016","12",""
"113","4017","13",""
"113","4018","13",""
"113","4019","15",""
"113","4020","15",""
"113","4021","16",""
"113","4022","18",""
"113","4023","19",""
"113","4024","20",""
"113","4025","20",""
"113","4026","21",""
"113","4027","22",""
"113","4028","22",""
"113","4029","23",""
"113","4030","25",""
"113","4031","27",""
"113","38997","28",""
"113","4032","29",""
"113","4033","30",""
"113","4034","31",""
"113","4035","32",""
"113","4036","34",""
"113","4037","35",""
"113","4038","38",""
"113","4039","39",""
"113","4040","40",""
"113","4041","41",""
"113","4042","42",""
"113","4043","43",""
"113","4044","45",""
"113","4045","46",""
"113","4046","47",""
"113","4047","50",""
"113","39650","51",""
"113","4048","51",""
"113","4049","53",""
"113","4050","54",""
"113","4051","56",""
"113","4052","57",""
"113","4053","57",""
"113","4054","61",""
"113","4055","64",""
"113","4082","66",""
"113","4083","67",""
"113","4084","68",""
"113","4085","71",""
"113","4086","71",""
"113","4087","73",""
"113","4088","73",""
"113","4089","75",""
"113","4090","77",""
"113","4091","79",""
"113","4092","81",""
"113","4093","81",""
"113","4094","82",""
"113","4095","83",""
"113","4096","84",""
"113","4097","86",""
"113","4098","87",""
"113","4099","89",""
"113","4100","91",""
"113","4101","92",""
"113","4102","94",""
"113","4103","94",""
"113","4104","1",""
"113","38998","2",""
"113","4106","3",""
"113","4107","5",""
"113","4108","6",""
"113","4109","7",""
"113","4110","9",""
"113","4111","11",""
"113","4112","12",""
"113","4113","12",""
"113","4114","13",""
"113","4115","14",""
"113","4116","15",""
"113","4117","16",""
"113","4118","17",""
"113","4119","18",""
"113","4120","20",""
"113","4121","21",""
"113","4122","22",""
"113","4124","23",""
"113","4125","24",""
"113","4126","25",""
"113","4127","28",""
"113","4128","28",""
"113","4129","29",""
"113","4130","30",""
"113","4131","33",""
"113","4132","34",""
"113","4133","39",""
"113","4134","40",""
"113","4135","41",""
"113","43135","41",""
"131","41314","42",""
"131","0397","42",""
"131","0398","43",""
"131","0399","44",""
"131","0400","45",""
"131","0401","46",""
"131","0402","46",""
"131","0403","47",""
"131","42276","48",""
"131","0404","49",""
"131","0405","49",""
"131","0406","50",""
"131","0407","51",""
"131","0408","52",""
"131","0409","54",""
"131","0410","55",""
"131","0411","56",""
"131","0412","60",""
"131","0413","61",""
"131","0414","62",""
"131","0415","63",""
"131","0416","66",""
"131","0417","67",""
"131","0418","69",""
"131","0419","2",""
"131","0420","2",""
"131","42274","7",""
"131","0372","9",""
"131","0373","10",""
"131","0374","11",""
"131","0375","11",""
"131","0376","13",""
"131","0377","16",""
"131","0378","17",""
"131","0379","18",""
"131","0380","19",""
"131","0381","23",""
"131","0382","24",""
"131","0383","24",""
"131","0384","26",""
"131","0385","27",""
"131","0386","29",""
"131","0387","31",""
"131","0388","32",""
"131","42275","32",""
"131","0389","33",""
"131","0390","34",""
"131","0391","35",""
"131","0392","36",""
"131","0393","37",""
"131","0394","38",""
"131","0395","39",""
"131","41313","40",""
"131","0396","41",""
"141","6622","75",""
"141","6626","78",""
"141","6627","79",""
"141","6628","81",""
"141","6629","82",""
"141","6630","84",""
"141","6631","86",""
"141","6632","86",""
"141","6633","87",""
"141","6634","89",""
"141","6635","89",""
"141","6636","89",""
"141","6637","90",""
"141","6639","91",""
"141","0018","93",""
"141","6640","94",""
"141","6641","95",""
"141","6642","96",""
"141","6643","96",""
"141","6644","2",""
"141","6645","5",""
"141","6646","5",""
"141","6647","6",""
"141","6648","9",""
"141","6649","10",""
"141","6650","11",""
"141","6651","11",""
"141","6652","12",""
"141","0289","47",""
"141","6602","48",""
"141","6603","50",""
"141","6604","50",""
"141","6605","51",""
"141","6606","51",""
"141","0017","52",""
"141","6607","53",""
"141","6608","54",""
"141","6609","55",""
"141","6610","56",""
"141","6611","56",""
"141","6612","57",""
"141","6613","57",""
"141","6614","58",""
"141","6615","60",""
"141","6616","62",""
"141","6617","63",""
"141","6618","65",""
"141","6619","66",""
"141","6620","70",""
"141","6621","72",""
"211","1479","21",""
"211","1480","25",""
"211","50575","2",""
"211","50574","4",""
"211","1483","7",""
"211","1484","9",""
"211","1485","9",""
"211","1486","12",""
"211","1487","13",""
"211","1488","2",""
"211","1489","2",""
"211","1490","4",""
"211","1491","6",""
"211","1492","9",""
"211","1493","11",""
"211","1494","11",""
"211","1495","12",""
"211","1496","14",""
"211","1497","15",""
"211","1498","16",""
"211","1499","17",""
"211","1500","17",""
"211","1501","18",""
"211","1502","19",""
"211","39067","20",""
"211","1503","21",""
"211","1504","21",""
"211","1505","23",""
"211","1506","24",""
"211","1507","26",""
"211","1508","1",""
"211","1509","3",""
"211","1510","4",""
"211","1511","5",""
"211","1512","6",""
"211","1513","7",""
"211","1514","10",""
"211","1515","10",""
"211","1516","11",""
"211","1517","12",""
"211","1518","13",""
"211","1519","14",""
"211","1520","15",""
"211","1521","18",""
"211","1522","18",""
"211","1523","19",""
"211","1524","21",""
"211","1525","22",""
"211","1526","24",""
"211","1527","24",""
"211","1528","25",""
"211","1529","26",""
"211","1530","27",""
"211","1531","27",""
"211","1532","29",""
"211","1533","30",""
"211","1534","32",""
"211","1535","2",""
"211","1537","4",""
"211","1538","4",""
"211","1422","-1","未發車"
"211","1423","-1","未發車"
"211","1424","-1","未發車"
"211","1425","-1","未發車"
"211","1426","-1","未發車"
"211","1427","-1","未發車"
"211","1428","-1","未發車"
"211","1429","-1","未發車"
"211","1430","0",""
"211","1431","2",""
"211","1432","2",""
"211","1433","3",""
"211","1434","4",""
"211","1435","6",""
"211","1436","8",""
"211","1437","9",""
"211","1438","11",""
"211","1439","14",""
"211","1440","15",""
"211","1442","17",""
"211","1443","19",""
"211","1444","19",""
"211","1445","21",""
"211","1446","23",""
"211","1447","23",""
"211","1448","25",""
"211","1449","26",""
"211","1450","27",""
"211","1451","2",""
"211","1452","5",""
"211","1453","7",""
"211","1454","8",""
"211","1455","8",""
"211","1456","11",""
"211","1457","12",""
"211","1458","13",""
"211","1459","13",""
"211","1460","14",""
"211","1461","15",""
"211","1462","16",""
"211","1463","17",""
"211","1464","1",""
"211","1465","3",""
"211","1466","4",""
"211","1467","6",""
"211","1468","8",""
"211","1469","10",""
"211","1470","10",""
"211","1471","2",""
"211","1472","6",""
"211","1473","7",""
"211","1474","7",""
"211","1475","9",""
"211","1476","11",""
"211","1477","13",""
"211","1478","18",""
"5312","7451","-1","未發車"
"5312","7452","-1","未發車"
"5312","7453","-1","未發車"
"5312","7454","-1","未發車"
"5312","7455","1",""
"5312","7456","1",""
"5312","7457","3",""
"5312","7458","4",""
"5312","7459","6",""
"5312","7460","7",""
"5312","7461","7",""
"5312","7462","8",""
"5312","7463","9",""
"5312","7464","12",""
"5312","7465","12",""
"5312","7466","15",""
"5312","7467","15",""
"5312","7468","16",""
"5312","7469","17",""
"5312","7470","19",""
"5312","7471","21",""
"5312","7472","23",""
"5312","7473","25",""
"5312","7474","27",""
"5312","7475","30",""
"5312","7476","33",""
"5312","7477","35",""
"5312","7478","1",""
"5312","7479","1",""
"5312","7480","2",""
"5312","7481","3",""
"5312","7482","4",""
"5312","7483","6",""
"5312","7484","7",""
"5312","7485","7",""
"5312","7486","8",""
"5312","7487","11",""
"5230","2205","-1","未發車"
"5230","2206","-1","未發車"
"5230","2207","-1","未發車"
"5230","2208","-1","未發車"
"5230","2209","-1","未發車"
"5230","2210","-1","未發車"
"5230","2211","-1","未發車"
"5230","2212","-1","未發車"
"5230","2213","1",""
"5230","2214","3",""
"5230","2215","3",""
"5230","2216","4",""
"5230","2217","5",""
"5230","2218","6",""
"5230","2219","6",""
"5230","2220","7",""
"5230","2221","8",""
"5230","40511","9",""
"5230","2222","9",""
"5230","2223","10",""
"5230","42389","10",""
"5230","2224","12",""
"5230","2225","12",""
"5230","2226","14",""
"5230","2227","15",""
"5230","3486","15",""
"226","10698","37",""
"226","10699","37",""
"226","10700","39",""
"226","10701","1",""
"226","10702","2",""
"226","10703","2",""
"226","10704","2",""
"226","10705","3",""
"226","10706","4",""
"226","10707","4",""
"226","10708","5",""
"226","10709","5",""
"226","10710","5",""
"226","10711","6",""
"226","10712","7",""
"226","10713","7",""
"226","10714","8",""
"226","10715","9",""
"226","10716","10",""
"226","41371","15",""
"226","41369","3",""
"226","10717","9",""
"226","10718","10",""
"226","10719","11",""
"226","10720","13",""
"226","10721","14",""
"226","10722","16",""
"226","10723","17",""
"226","10724","3",""
"226","10725","4",""
"226","10726","6",""
"226","10727","6",""
"226","10728","7",""
"226","10729","8",""
"226","10730","10",""
"226","10731","11",""
"226","10732","11",""
"226","10661","-1","未發車"
"226","10662","1",""
"226","10663","2",""
"226","10664","3",""
"226","10665","5",""
"226","10666","6",""
"226","10667","1",""
"226","10668","2",""
"226","10669","5",""
"226","10670","7",""
"226","10671","8",""
"226","10672","10",""
"226","10673","11",""
"226","10674","12",""
"226","10675","3",""
"226","10676","5",""
"226","10677","6",""
"226","41368","12",""
"226","41370","16",""
"226","10678","20",""
"226","10679","22",""
"226","10680","22",""
"226","10681","23",""
"226","10682","24",""
"226","10683","25",""
"226","10684","26",""
"226","10685","27",""
"226","10686","27",""
"226","10687","28",""
"226","10688","28",""
"226","10689","29",""
"226","10690","29",""
"226","10691","30",""
"226","10692","31",""
"226","10693","31",""
"226","10694","32",""
"226","10695","33",""
"226","10696","34",""
"226","10697","35",""
"190","14931","37",""
"190","14932","41",""
"190","14933","42",""
"190","14934","42",""
"190","14935","43",""
"190","14936","43",""
"190","0016","44",""
"190","14937","46",""
"190","14938","47",""
"190","14939","47",""
"190","14940","48",""
"190","14941","49",""
"190","14942","1",""
"190","14943","3",""
"190","14944","4",""
"190","14945","5",""
"190","14946","5",""
"190","14947","6",""
"190","14948","7",""
"190","14949","8",""
"190","14950","8",""
"190","14951","8",""
"190","14952","9",""
"190","1551","9",""
"190","14953","10",""
"190","14954","10",""
"190","14955","11",""
"190","14956","11",""
"190","14957","12",""
"190","14958","12",""
"190","14959","15",""
"190","14960","15",""
"190","1552","16",""
"190","14961","17",""
"190","14962","21",""
"190","14963","21",""
"190","14964","22",""
"190","14965","22",""
"190","14966","23",""
"190","14967","24",""
"190","14968","24",""
"190","14969","25",""
"190","14970","26",""
"190","14971","26",""
"190","14972","27",""
"190","14973","28",""
"190","14974","28",""
"190","14975","28",""
"190","14976","29",""
"190","14977","29",""
"190","4554","30",""
"190","14978","30",""
"190","14979","31",""
"190","14980","31",""
"190","14981","32",""
"190","14982","33",""
"190","14983","35",""
"190","14984","35",""
"190","14985","35",""
"190","14986","36",""
"190","14987","38",""
"190","14988","4",""
"190","14990","6",""
"190","41257","6",""
"190","14871","96",""
"190","14872","98",""
"190","14873","99",""
"190","14874","101",""
"190","14875","102",""
"190","14876","102",""
"190","14877","103",""
"190","14878","104",""
"190","14879","104",""
"190","14880","105",""
"190","14881","105",""
"190","14882","106",""
"190","14883","107",""
"190","4553","107",""
"190","14884","108",""
"190","14885","108",""
"190","14886","109",""
"190","14887","110",""
"190","14888","110",""
"190","14889","111",""
"190","14890","111",""
"190","14891","112",""
"190","14892","112",""
"190","14893","113",""
"190","14894","114",""
"190","14895","114",""
"190","14896","115",""
"190","14897","116",""
"190","14898","117",""
"190","14899","1",""
"190","14900","2",""
"190","1549","2",""
"190","14901","3",""
"190","14902","4",""
"190","14903","6",""
"190","14904","7",""
"190","14905","7",""
"190","14906","8",""
"190","14907","8",""
"190","14908","9",""
"190","1550","9",""
"190","14909","10",""
"190","14910","10",""
"190","14911","11",""
"190","14912","11",""
"190","14913","11",""
"190","14914","12",""
"190","14915","12",""
"190","14916","13",""
"190","14917","14",""
"190","14918","14",""
"190","14919","15",""
"190","14920","15",""
"190","14921","17",""
"190","14922","18",""
"190","14923","19",""
"190","14924","20",""
"190","14925","21",""
"190","0015","22",""
"190","14926","22",""
"190","14927","23",""
"190","14928","23",""
"190","14929","23",""
"190","14930","24",""
"5243","16431","57",""
"5243","16432","59",""
"5243","16433","3",""
"5243","16434","4",""
"5243","16435","5",""
"5243","16436","5",""
"5243","16437","6",""
"5243","16438","6",""
"5243","16439","7",""
"5243","16440","8",""
"5243","16441","8",""
"5243","16442","9",""
"5243","16443","9",""
"5243","16444","11",""
"5243","16445","11",""
"5243","16446","13",""
"5243","16447","13",""
"5243","2178","14",""
"5243","42329","15",""
"5243","2179","15",""
"5243","16448","16",""
"5243","16449","16",""
"5243","16450","17",""
"5243","16451","17",""
"5243","16452","18",""
"5243","16453","19",""
"5243","41292","19",""
"5243","16454","20",""
"5243","16455","20",""
"5243","16456","23",""
"5243","16457","24",""
"5243","16458","24",""
"5243","16459","24",""
"5243","16460","25",""
"5243","39467","26",""
"5243","16461","27",""
"5243","16462","28",""
"5243","16463","28",""
"5243","16464","29",""
"5243","16465","22",""
"5243","16466","23",""
"5243","16467","23",""
"5243","39468","24",""
"5243","16468","24",""
"5243","16469","25",""
"5243","16470","25",""
"5243","16471","26",""
"5243","16472","26",""
"5243","16473","29",""
"5243","16474","29",""
"5243","41293","30",""
"5243","16475","30",""
"5243","16476","30",""
"5243","16477","31",""
"5243","16478","31",""
"5243","16479","32",""
"5243","16480","32",""
"5243","2242","33",""
"5243","42330","35",""
"5243","2243","36",""
"5243","16481","37",""
"5243","16482","37",""
"5243","16483","38",""
"5243","16484","39",""
"5243","16485","40",""
"5243","16486","41",""
"5243","16487","42",""
"5243","16488","42",""
"5243","16489","43",""
"5243","16490","44",""
"5243","16491","44",""
"5243","16492","45",""
"5243","16493","45",""
"5243","16494","46",""
"5243","16495","47",""
"5243","16496","49",""
"5243","16497","52",""
"5243","16498","53",""
"5239","15827","16",""
"5239","15828","18",""
"5239","15829","19",""
"5239","15830","19",""
"5239","15831","19",""
"5239","15832","20",""
"5239","15833","20",""
"5239","15834","22",""
"5239","15835","23",""
"5239","15836","24",""
"5239","15837","24",""
"5239","15838","25",""
"5239","1937","25",""
"5239","15839","26",""
"5239","15840","27",""
"5239","15841","27",""
"5239","15842","27",""
"5239","15843","29",""
"5239","15844","29",""
"5239","15845","31",""
"5239","15846","32",""
"5239","15847","33",""
"5239","15848","34",""
"5239","15849","35",""
"5239","15850","36",""
"5239","15851","37",""
"5239","15852","37",""
"5239","15853","38",""
"5239","0049","39",""
"5239","15854","40",""
"5239","15855","40",""
"5239","15856","41",""
"5239","15857","42",""
"5239","15858","43",""
"5239","0050","44",""
"5239","15859","45",""
"5239","15860","49",""
"5239","15861","50",""
"5239","15862","51",""
"5239","15791","254",""
"5239","15792","254",""
"5239","15793","254",""
"5239","0047","254",""
"5239","15794","254",""
"5239","15795","254",""
"5239","15796","254",""
"5239","15797","254",""
"5239","15798","254",""
"5239","0048","254",""
"5239","15799","254",""
"5239","15800","254",""
"5239","15801","254",""
"5239","15802","254",""
"5239","15803","254",""
"5239","15804","254",""
"5239","15805","254",""
"5239","42600","1",""
"5239","15806","2",""
"5239","15807","3",""
"5239","15808","3",""
"5239","15809","4",""
"5239","15810","5",""
"5239","15811","6",""
"5239","15812","7",""
"5239","15813","7",""
"5239","1936","8",""
"5239","15814","8",""
"5239","15815","9",""
"5239","15816","9",""
"5239","15817","10",""
"5239","15818","10",""
"5239","15819","12",""
"5239","15820","12",""
"5239","15821","13",""
"5239","15822","14",""
"5239","15823","14",""
"5239","15824","15",""
"5239","15825","16",""
"5239","15826","16",""
"2035","27511","27",""
"2035","27512","29",""
"2035","27513","34",""
"2035","27514","37",""
"2035","27515","42",""
"2035","27516","47",""
"1040","29781","254",""
"1040","29782","254",""
"1040","29783","254",""
"1040","29784","254",""
"1040","29785","254",""
"1040","29786","254",""
"1040","29787","254",""
"2008","22641","87",""
"2008","22642","87",""
"2008","22643","88",""
"2008","22644","88",""
"2008","22645","89",""
"2008","22646","90",""
"2008","22647","91",""
"2008","22648","91",""
"2008","22649","92",""
"2008","22650","94",""
"2008","22651","94",""
"2008","22652","95",""
"2008","22653","96",""
"2008","22654","97",""
"2008","22655","97",""
"2008","22656","98",""
"2008","22657","98",""
"2008","22658","98",""
"2008","22659","99",""
"2008","22660","100",""
"2008","22661","101",""
"2008","22662","101",""
"2008","22663","102",""
"2008","22664","102",""
"2008","22665","103",""
"2008","22666","103",""
"2008","22667","104",""
"2008","22668","105",""
"2008","22669","106",""
"2008","22670","106",""
"2008","22671","107",""
"2008","22672","108",""
"2008","22673","109",""
"2008","22674","110",""
"2008","22675","111",""
"2008","22676","111",""
"2008","22677","112",""
"2008","22678","114",""
"2008","22679","114",""
"2008","22680","115",""
"2008","22681","116",""
"2008","22682","117",""
"2008","22683","118",""
"2008","22684","118",""
"2008","22685","118",""
"2008","22686","120",""
"2008","22687","120",""
"2008","22688","2",""
"2008","22689","2",""
"2008","22690","3",""
"2008","22691","4",""
"2008","22692","4",""
"2008","22693","4",""
"9014","27821","27",""
"9014","27822","27",""
"9014","27823","27",""
"9014","27824","29",""
"9014","27825","29",""
"9014","27826","2",""
"9014","27827","3",""
"9014","27828","5",""
"9014","27829","10",""
"9014","27830","12",""
"9014","27831","14",""
"9014","27832","15",""
"9014","27833","16",""
"9014","27834","16",""
"9014","27835","17",""
"9014","27836","18",""
"9014","27837","19",""
"9014","27838","20",""
"9014","27839","21",""
"9014","27840","22",""
"9014","27841","23",""
"9014","27842","23",""
"803","11954","6",""
"803","11955","6",""
"803","11956","6",""
"803","11957","6",""
"803","11958","6",""
"803","11959","7",""
"803","1153","8",""
"803","11960","9",""
"803","11961","10",""
"803","11962","10",""
"803","11963","13",""
"803","11964","13",""
"803","11965","14",""
"803","11966","15",""
"803","11967","16",""
"803","11968","17",""
"803","11969","17",""
"803","11970","18",""
"803","11971","19",""
"803","11972","20",""
"803","11973","22",""
"803","11974","25",""
"803","11975","26",""
"803","11976","27",""
"803","11977","27",""
"803","11978","28",""
"803","11979","30",""
"803","11980","30",""
"803","11981","31",""
"803","11982","32",""
"803","11983","33",""
"803","11984","34",""
"803","11985","35",""
"803","11986","36",""
"803","11987","37",""
"803","11988","39",""
"803","11989","40",""
"803","11990","41",""
"803","11991","42",""
"803","11992","43",""
"803","11993","44",""
"803","11921","-1","未發車"
"803","11922","-1","未發車"
"803","11923","-1","未發車"
"803","11924","3",""
"803","11925","3",""
"803","11926","4",""
"803","11927","7",""
"803","11928","7",""
"803","11929","8",""
"803","11930","9",""
"803","11931","10",""
"803","11932","11",""
"803","11933","11",""
"803","11934","12",""
"803","11935","14",""
"803","11936","14",""
"803","11937","17",""
"803","11938","19",""
"803","11939","19",""
"803","11940","19",""
"803","11941","21",""
"803","11942","23",""
"803","11943","23",""
"803","11944","24",""
"803","11945","25",""
"803","11946","26",""
"803","11947","27",""
"803","11948","28",""
"803","11949","2",""
"803","11950","2",""
"803","11951","5",""
"803","11952","6",""
"803","11953","6",""
"5663","21555","37",""
"5663","21556","37",""
"5663","21557","38",""
"5663","21558","39",""
"5663","21559","40",""
"5663","21560","41",""
"5663","21561","41",""
"5663","21562","44",""
"5663","21563","45",""
"5663","21564","47",""
"5663","21565","49",""
"5663","21566","51",""
"5663","21567","52",""
"5663","21568","54",""
"5663","21569","55",""
"5663","21570","56",""
"5663","21571","56",""
"5663","21572","58",""
"5663","21573","58",""
"5663","21574","60",""
"5663","21578","61",""
"5663","21579","62",""
"5663","21580","63",""
"5663","21581","63",""
"5663","21582","64",""
"5663","21583","67",""
"5663","21584","69",""
"5663","21585","69",""
"5663","21586","70",""
"5663","21587","70",""
"5663","21588","74",""
"5663","21589","75",""
"5663","21590","76",""
"5663","21591","77",""
"5663","21592","78",""
"5663","21593","79",""
"5663","21594","80",""
"5663","21595","82",""
"5663","40541","82",""
"5663","21596","83",""
"5663","21597","85",""
"5663","21598","87",""
"5663","21599","87",""
"5663","21600","88",""
"5663","21601","88",""
"5663","21602","89",""
"5663","21603","90",""
"5663","21604","91",""
"5663","21605","96",""
"5663","21606","100",""
"5663","21607","101",""
"5663","21608","105",""
"5663","21609","108",""
"5663","21610","110",""
"5663","21611","111",""
"5663","21612","113",""
"5663","21613","113",""
"5663","21614","114",""
"5663","21615","116",""
"5663","21616","117",""
"5663","21617","118",""
"5663","21494","22",""
"5663","21495","22",""
"5663","21496","23",""
"5663","21497","25",""
"5663","21498","26",""
"5663","21499","28",""
"5663","21500","28",""
"5663","21501","36",""
"5663","21502","37",""
"5663","21503","43",""
"5663","21504","45",""
"5663","21505","46",""
"5663","21506","46",""
"5663","21507","47",""
"5663","21508","48",""
"5663","21509","48",""
"5663","21510","49",""
"5663","21511","50",""
"5663","40540","50",""
"5663","21512","51",""
"5663","21513","52",""
"5663","21514","53",""
"5663","21515","54",""
"5663","21516","54",""
"5663","21517","56",""
"5663","21518","57",""
"5663","21519","58",""
"5663","21520","59",""
"5663","21521","60",""
"5663","21522","61",""
"5663","21523","62",""
"5663","21524","62",""
"5663","21525","2",""
"5663","21526","3",""
"5663","21527","5",""
"5663","21528","8",""
"5663","21529","9",""
"5663","39619","9",""
"5663","21530","10",""
"5663","21531","11",""
"5663","21535","13",""
"5663","21536","14",""
"5663","21537","16",""
"5663","21538","17",""
"5663","21539","17",""
"5663","21540","18",""
"5663","21541","18",""
"5663","21542","19",""
"5663","21543","20",""
"5663","21544","20",""
"5663","21545","21",""
"5663","21546","23",""
"5663","21547","23",""
"5663","21548","23",""
"5663","21549","24",""
"5663","21550","25",""
"5663","21551","25",""
"5663","21552","26",""
"5663","21553","26",""
"5663","21554","27",""
"127","12451","1",""
"127","12452","2",""
"127","12453","3",""
"127","12454","3",""
"127","12455","1",""
"127","12456","2",""
"127","12457","2",""
"127","12458","3",""
"127","12459","4",""
"127","12460","4",""
"127","12461","6",""
"127","12462","7",""
"127","12463","8",""
"127","12464","9",""
"127","12465","10",""
"127","12466","11",""
"127","12467","12",""
"127","12468","12",""
"127","12469","13",""
"127","12470","15",""
"127","12471","15",""
"127","12472","16",""
"127","12473","17",""
"127","12474","18",""
"127","12475","19",""
"127","12476","19",""
"127","12477","20",""
"127","12478","21",""
"127","12479","22",""
"127","12480","22",""
"127","12481","23",""
"127","12482","24",""
"127","12483","24",""
"127","12484","25",""
"127","12485","25",""
"127","12486","26",""
"127","12487","26",""
"127","12488","27",""
"127","12489","28",""
"127","12490","28",""
"127","12491","29",""
"127","12492","29",""
"127","12493","29",""
"127","12494","30",""
"127","12495","1",""
"127","12496","2",""
"127","12497","3",""
"127","12498","3",""
"127","12499","4",""
"127","12500","4",""
"127","12501","4",""
"127","12502","5",""
"127","12503","7",""
"127","12504","8",""
"127","12505","9",""
"127","12506","10",""
"127","12507","11",""
"127","12508","12",""
"127","12509","12",""
"127","12510","13",""
"127","12511","13",""
"127","12512","14",""
"127","12513","14",""
"127","12514","14",""
"127","12515","15",""
"127","12516","16",""
"127","12517","16",""
"127","12518","19",""
"127","12519","19",""
"127","12520","20",""
"127","12521","21",""
"127","12522","21",""
"127","12523","21",""
"127","12524","22",""
"127","12525","23",""
"127","12526","23",""
"127","12527","23",""
"127","12528","24",""
"127","12529","25",""
"127","12530","26",""
"127","12531","27",""
"127","12532","27",""
"127","12533","28",""
"127","12534","28",""
"127","12535","29",""
"127","12536","31",""
"127","12537","32",""
"128","19482","107",""
"128","19483","108",""
"128","19484","109",""
"128","19485","110",""
"128","19486","111",""
"128","19487","111",""
"128","19488","112",""
"128","19489","113",""
"128","19490","114",""
"128","19491","115",""
"128","19492","117",""
"128","19493","117",""
"128","19494","119",""
"128","19495","119",""
"128","19496","120",""
"128","19497","120",""
"128","19498","122",""
"128","19499","122",""
"128","19500","123",""
"128","19501","124",""
"128","19502","124",""
"128","19503","125",""
"128","19504","125",""
"128","19505","127",""
"128","19506","127",""
"128","19507","128",""
"128","19508","129",""
"128","19509","130",""
"128","19510","130",""
"128","19511","131",""
"128","19512","132",""
"128","19513","132",""
"128","19514","133",""
"128","19515","135",""
"128","19516","136",""
"128","19517","136",""
"128","19518","137",""
"128","19519","138",""
"128","19520","138",""
"128","19521","139",""
"128","19522","139",""
"128","19523","139",""
"128","19524","140",""
"128","19525","141",""
"128","19526","142",""
"128","19527","142",""
"128","19528","143",""
"128","19529","143",""
"128","19530","144",""
"128","19531","144",""
"128","19532","145",""
"128","19533","145",""
"128","19534","147",""
"128","19535","148",""
"128","19536","149",""
"128","19537","150",""
"128","19538","151",""
"128","19539","151",""
"128","19540","151",""
"128","19541","152",""
"128","19542","153",""
"128","19543","153",""
"128","19544","154",""
"128","19545","154",""
"128","19546","155",""
"128","19547","156",""
"128","19548","156",""
"128","19549","157",""
"128","19550","157",""
"482","32451","33",""
"482","32452","34",""
"482","32453","35",""
"482","32454","1",""
"482","32455","2",""
"482","1160","4",""
"482","32456","6",""
"482","32457","10",""
"482","32458","13",""
"482","32459","15",""
"482","32460","18",""
"482","32461","21",""
"482","32462","24",""
"482","32463","28",""
"482","32464","30",""
"482","32465","30",""
"482","32466","31",""
"482","32467","31",""
"482","32468","33",""
"482","32469","33",""
"482","32470","35",""
"482","32471","36",""
"482","32472","1",""
"482","32473","2",""
"482","32474","3",""
"482","32475","4",""
"482","32476","6",""
"482","32477","6",""
"482","32478","7",""
"482","32479","8",""
"482","32480","9",""
"482","32481","9",""
"482","32482","10",""
"482","32483","11",""
"482","32484","12",""
"482","32485","13",""
"482","32486","13",""
"482","32487","14",""
"482","32488","16",""
"482","32489","17",""
"482","32490","18",""
"482","32491","19",""
"482","32492","19",""
"482","32493","19",""
"482","32494","21",""
"482","32495","21",""
"482","32406","26",""
"482","32407","27",""
"482","32408","28",""
"482","32409","29",""
"482","32410","30",""
"482","32411","31",""
"482","32412","2",""
"482","32413","2",""
"482","32414","3",""
"482","32415","4",""
"482","32416","5",""
"482","32417","5",""
"482","32418","6",""
"482","32419","7",""
"482","32420","8",""
"482","32421","9",""
"482","32422","10",""
"482","32423","11",""
"482","32424","12",""
"482","32425","13",""
"482","32426","15",""
"482","32427","16",""
"482","32428","17",""
"482","32429","19",""
"482","32430","20",""
"482","32431","22",""
"482","32432","23",""
"482","32433","25",""
"482","32434","26",""
"482","32435","27",""
"482","32436","29",""
"482","32437","3",""
"482","32438","5",""
"482","32439","8",""
"482","32440","11",""
"482","32441","13",""
"482","32442","15",""
"482","32443","18",""
"482","32444","20",""
"482","32445","23",""
"482","32446","24",""
"482","32447","25",""
"482","32448","27",""
"482","32449","29",""
"482","32450","30",""
"157","33126","8",""
"157","33127","10",""
"157","33128","11",""
"157","33129","12",""
"157","33130","13",""
"157","33131","14",""
"157","33132","16",""
"157","33133","18",""
"157","33134","1",""
"157","33135","5",""
"157","33136","6",""
"157","2249","6",""
"157","33137","3",""
"157","33138","3",""
"157","33139","6",""
"157","33140","1",""
"157","33141","4",""
"157","33142","5",""
"157","33143","9",""
"157","33144","10",""
"157","33145","13",""
"157","33146","2",""
"157","33147","3",""
"157","33148","4",""
"157","33149","6",""
"157","33150","8",""
"157","33151","10",""
"157","33152","13",""
"157","33153","1",""
"157","33154","3",""
"157","33155","4",""
"157","33156","2",""
"157","33157","1",""
"157","33158","2",""
"157","33159","5",""
"157","33160","6",""
"157","33161","7",""
"157","33162","9",""
"157","33163","10",""
"157","33164","10",""
"157","33165","10",""
"157","42935","1",""
"157","33087","-1","未發車"
"157","33088","-1","未發車"
"157","33089","-1","未發車"
"157","33090","-1","未發車"
"157","33091","-1","未發車"
"157","33092","-1","未發車"
"157","33093","-1","未發車"
"157","33094","-1","未發車"
"157","33095","-1","未發車"
"157","33096","1",""
"157","33097","2",""
"157","33098","4",""
"157","33099","4",""
"157","33100","6",""
"157","33101","9",""
"157","39649","9",""
"157","33102","10",""
"157","33103","11",""
"157","33104","12",""
"157","33105","13",""
"157","33106","14",""
"157","33107","2",""
"157","33108","5",""
"157","33109","7",""
"157","33110","10",""
"157","33111","12",""
"157","33112","1",""
"157","33113","2",""
"157","33114","3",""
"157","33115","4",""
"157","33116","4",""
"157","33117","6",""
"157","33118","7",""
"157","33119","11",""
"157","33120","12",""
"157","33121","14",""
"157","33122","15",""
"157","33123","3",""
"157","33124","4",""
"157","33125","6",""
"5410","33455","66",""
"5410","33456","67",""
"5410","33457","68",""
"5410","33458","69",""
"5410","33459","71",""
"5410","33460","72",""
"5410","33461","74",""
"5410","33462","76",""
"5410","33463","2",""
"5410","33464","4",""
"5410","33465","5",""
"5410","33466","6",""
"5410","33467","7",""
"5410","33468","8",""
"5410","33469","9",""
"5410","33470","9",""
"5410","33471","10",""
"5410","33472","10",""
"5410","33473","11",""
"5410","33474","12",""
"5410","38976","12",""
"5410","33475","13",""
"5410","1372","13",""
"5410","1373","13",""
"5410","1374","14",""
"5410","1375","14",""
"5410","1376","15",""
"5410","1377","16",""
"5410","1378","17",""
"5410","1379","18",""
"5410","1380","18",""
"5410","1381","19",""
"5410","1382","19",""
"5410","1383","20",""
"5410","38981","20",""
"5410","1384","21",""
"5410","38978","21",""
"5410","33476","21",""
"5410","33477","22",""
"5410","33478","23",""
"5410","33479","23",""
"5410","33480","24",""
"5410","33481","25",""
"5410","33483","26",""
"5410","55858","27",""
"5410","33484","28",""
"5410","33485","28",""
"5410","33486","29",""
"5410","33487","30",""
"5410","33488","31",""
"5410","33489","32",""
"5410","33491","33",""
"5410","33492","33",""
"5410","33493","34",""
"5410","33494","35",""
"5410","33495","36",""
"5410","33496","38",""
"5410","33497","40",""
"5410","33498","42",""
"5410","33499","43",""
"5410","33500","45",""
"5410","33501","47",""
"5410","33502","49",""
"5410","33503","51",""
"5410","33504","53",""
"5410","33505","54",""
"5410","33506","58",""
"5410","33507","60",""
"5410","33508","61",""
"5410","33509","62",""
"5410","33510","63",""
"5410","33511","65",""
"5410","33512","65",""
"5410","33515","67",""
"5410","33516","69",""
"5410","33517","71",""
"5410","33518","71",""
"5410","33519","72",""
"5410","55859","73",""
"5410","33520","74",""
"5410","33522","76",""
"5410","33523","76",""
"5410","33524","77",""
"5410","33525","77",""
"5410","33526","78",""
"5410","33527","79",""
"5410","38979","80",""
"5410","1385","80",""
"5410","1386","81",""
"5410","1387","81",""
"5410","1388","82",""
"5410","1389","82",""
"5410","1390","83",""
"5410","1391","84",""
"5410","1394","85",""
"5410","1395","1",""
"5410","1396","1",""
"5410","1397","1",""
"5410","1398","1",""
"5410","1399","2",""
"5410","38982","3",""
"5410","33528","3",""
"5410","38977","3",""
"5410","33529","4",""
"5410","33530","5",""
"5410","33531","6",""
"5410","33532","6",""
"5410","33533","7",""
"5410","33534","7",""
"5410","33535","8",""
"5410","33536","9",""
"5410","33537","9",""
"5410","33538","11",""
"5410","33539","11",""
"5410","33540","14",""
"5410","33541","15",""
"5410","33542","17",""
"5410","33543","18",""
"5410","33544","20",""
"5410","33545","20",""
"5410","33546","21",""
"5410","33547","23",""
"5215","33601","159",""
"5215","33602","161",""
"5215","33603","162",""
"5215","33604","164",""
"5215","33605","165",""
"5215","33606","165",""
"5215","33607","168",""
"5215","33608","169",""
"5215","33609","169",""
"5215","34433","175",""
"5215","45949","175",""
"5215","34434","175",""
"5215","34435","176",""
"5215","3567","177",""
"5215","34436","177",""
"5215","33610","178",""
"5215","34437","181",""
"5215","34438","184",""
"5215","34439","185",""
"5215","34440","185",""
"5215","34441","186",""
"5215","34442","187",""
"5215","34443","190",""
"5215","34444","190",""
"5215","34445","192",""
"5215","34446","195",""
"5215","34447","196",""
"5215","33611","197",""
"5215","33612","203",""
"5215","33613","204",""
"5215","33614","209",""
"5215","33615","211",""
"5215","33616","211",""
"5215","33617","212",""
"5215","33618","213",""
"5215","33619","213",""
"5215","33620","214",""
"5215","33621","214",""
"5215","42931","214",""
"5215","33559","102",""
"5215","33560","102",""
"5215","33561","103",""
"5215","33562","103",""
"5215","33563","104",""
"5215","33564","105",""
"5215","33565","105",""
"5215","33566","106",""
"5215","33567","111",""
"5215","34431","112",""
"5215","33568","114",""
"5215","33569","117",""
"5215","33570","118",""
"5215","33571","119",""
"5215","33572","120",""
"5215","33573","120",""
"5215","33574","122",""
"5215","33575","122",""
"5215","33576","125",""
"5215","33577","128",""
"5215","33578","129",""
"5215","33579","130",""
"5215","33580","130",""
"5215","33581","131",""
"5215","34432","133",""
"5215","33582","135",""
"5215","33583","136",""
"5215","3566","136",""
"5215","33584","139",""
"5215","33585","139",""
"5215","45948","139",""
"5215","33586","139",""
"5215","33587","141",""
"5215","33588","144",""
"5215","33589","145",""
"5215","33590","146",""
"5215","33591","149",""
"5215","33592","150",""
"5215","33593","151",""
"5215","33594","153",""
"5215","33595","153",""
"5215","33596","154",""
"5215","33597","155",""
"5215","33598","156",""
"5215","33599","158",""
"5215","33600","158",""
"485","33783","30",""
"485","33784","32",""
"485","33785","32",""
"485","33787","33",""
"485","33788","34",""
"485","33789","36",""
"485","33790","37",""
"485","33791","41",""
"485","33793","45",""
"485","33794","46",""
"485","33796","3",""
"485","33797","6",""
"485","33798","7",""
"485","33799","8",""
"485","33800","9",""
"485","33801","11",""
"485","33802","11",""
"485","33803","14",""
"485","33804","14",""
"485","33805","15",""
"485","33806","18",""
"485","33807","18",""
"485","33808","19",""
"485","33809","19",""
"485","33810","20",""
"485","33811","21",""
"485","33812","22",""
"485","33813","24",""
"485","33814","24",""
"485","33815","25",""
"485","3659","26",""
"485","33816","1",""
"485","33817","6",""
"485","33818","10",""
"485","33819","11",""
"485","33820","12",""
"485","1855","14",""
"485","33821","2",""
"485","33822","2",""
"485","33823","3",""
"485","33824","4",""
"485","33825","5",""
"485","33826","7",""
"485","33827","8",""
"485","33828","9",""
"485","1856","9",""
"485","33829","11",""
"485","33830","11",""
"485","33831","12",""
"485","33832","12",""
"485","33833","14",""
"485","33834","15",""
"485","33835","16",""
"485","33836","18",""
"485","33837","20",""
"485","33838","22",""
"485","33839","25",""
"485","33840","26",""
"485","42974","26",""
"485","33841","27",""
"485","33722","26",""
"485","42973","26",""
"485","33723","27",""
"485","33724","3",""
"485","33725","4",""
"485","33726","5",""
"485","33727","6",""
"485","33728","9",""
"485","33729","9",""
"485","33730","11",""
"485","33731","13",""
"485","33732","15",""
"485","33733","15",""
"485","1854","17",""
"485","33734","18",""
"485","33735","19",""
"485","33736","19",""
"485","33737","20",""
"485","33738","21",""
"485","33739","23",""
"485","33740","23",""
"485","33741","24",""
"485","33742","25",""
"485","33743","26",""
"485","33744","28",""
"485","33745","30",""
"485","33746","31",""
"485","33747","1",""
"485","33748","6",""
"485","3658","7",""
"485","33749","9",""
"485","33750","10",""
"485","33751","10",""
"485","33752","12",""
"485","33753","13",""
"485","33754","14",""
"485","33755","15",""
"485","33756","17",""
"485","33757","18",""
"485","33758","19",""
"485","33759","21",""
"485","33760","21",""
"485","33761","22",""
"485","33762","24",""
"485","33763","26",""
"485","33764","27",""
"485","33765","2",""
"485","33766","4",""
"485","33767","6",""
"485","33768","7",""
"485","33770","9",""
"485","33771","10",""
"485","33773","15",""
"485","33774","19",""
"485","33775","20",""
"485","33776","21",""
"485","2248","22",""
"485","33777","23",""
"485","33778","24",""
"485","33779","25",""
"485","33780","26",""
"485","33781","26",""
"485","33782","27",""
"436","39386","-1","未發車"
"436","39388","-1","未發車"
"436","39390","-1","未發車"
"436","33250","-1","未發車"
"436","33251","-1","未發車"
"436","33252","-1","未發車"
"436","33253","-1","未發車"
"436","33254","-1","未發車"
"436","33255","-1","未發車"
"436","33256","-1","未發車"
"436","33257","-1","未發車"
"436","33258","1",""
"436","33259","6",""
"436","33260","9",""
"436","33261","10",""
"436","33262","10",""
"436","33263","11",""
"436","33264","14",""
"436","33265","15",""
"436","33266","16",""
"436","33267","17",""
"436","33268","17",""
"436","33269","18",""
"436","33270","19",""
"436","33271","19",""
"436","33272","2",""
"436","33273","6",""
"436","33274","7",""
"436","33275","8",""
"436","33276","10",""
"436","33277","12",""
"436","33278","13",""
"436","33279","15",""
"436","33280","18",""
"436","33281","19",""
"436","33282","21",""
"436","33283","24",""
"436","33284","2",""
"436","33285","3",""
"436","33286","4",""
"436","33287","4",""
"436","33288","5",""
"436","33289","6",""
"436","33290","9",""
"436","33291","11",""
"436","33292","13",""
"436","33293","15",""
"436","33294","3",""
"436","33295","4",""
"436","33296","6",""
"436","33297","7",""
"436","33298","8",""
"436","33299","10",""
"436","33300","11",""
"436","33301","15",""
"436","33302","17",""
"436","33303","17",""
"436","39392","18",""
"436","39391","19",""
"436","39389","21",""
"436","39387","21",""
"438","33385","-1","未發車"
"438","33386","-1","未發車"
"438","33387","-1","未發車"
"438","33388","-1","未發車"
"438","33389","-1","未發車"
"438","33390","-1","未發車"
"438","33391","-1","未發車"
"438","33392","-1","未發車"
"438","33393","3",""
"438","33394","3",""
"438","33395","4",""
"438","33396","5",""
"438","33397","6",""
"438","33398","7",""
"438","33399","8",""
"438","33400","9",""
"438","33401","10",""
"438","33402","12",""
"438","33403","2",""
"438","33404","6",""
"438","33405","6",""
"438","33406","9",""
"438","33407","11",""
"438","33408","2",""
"438","33409","3",""
"438","33410","3",""
"438","33411","4",""
"438","33412","8",""
"438","33413","9",""
"438","33414","10",""
"438","33415","1",""
"438","33416","5",""
"438","33417","6",""
"438","33418","8",""
"438","33419","11",""
"438","33420","13",""
"438","33421","16",""
"438","33422","21",""
"438","33423","22",""
"438","33424","26",""
"438","33425","27",""
"438","33426","28",""
"438","33427","30",""
"438","33428","31",""
"438","33429","33",""
"438","33430","2",""
"438","33431","2",""
"438","33432","4",""
"438","33433","2",""
"438","33434","3",""
"438","33435","3",""
"438","33436","4",""
"438","33437","6",""
"438","33438","9",""
"438","33439","11",""
"438","33440","12",""
"438","33441","1",""
"438","33442","2",""
"438","33443","3",""
"438","33444","3",""
"438","42934","4",""
"413","14001","-1","未發車"
"413","14002","-1","未發車"
"413","14003","-1","未發車"
"413","14004","-1","未發車"
"413","2383","-1","未發車"
"413","14005","-1","未發車"
"413","14006","-1","未發車"
"413","14007","-1","未發車"
"413","14008","-1","未發車"
"413","14009","1",""
"413","14010","2",""
"413","14011","2",""
"413","14012","3",""
"413","14013","5",""
"413","14014","5",""
"413","14015","7",""
"413","14016","9",""
"413","14017","11",""
"413","14018","14",""
"413","14019","18",""
"413","14020","19",""
"413","14021","1",""
"413","14022","3",""
"413","14023","3",""
"413","14024","6",""
"413","14025","6",""
"413","14026","7",""
"413","14027","9",""
"413","14028","12",""
"413","14029","14",""
"413","14030","17",""
"413","14031","18",""
"413","14032","22",""
"413","14033","2",""
"413","14034","3",""
"413","14035","6",""
"413","14036","10",""
"413","14037","11",""
"413","14038","13",""
"413","14039","14",""
"413","1547","16",""
"413","14040","16",""
"413","14041","17",""
"413","14042","18",""
"413","14043","20",""
"413","14044","21",""
"413","14045","22",""
"413","14046","22",""
"413","14047","23",""
"413","14048","2",""
"413","14049","2",""
"413","14050","4",""
"413","14051","5",""
"413","14052","7",""
"413","14053","8",""
"413","14054","10",""
"413","14055","10",""
"413","14056","12",""
"413","14057","13",""
"413","14058","14",""
"413","14059","15",""
"413","14060","16",""
"413","14061","20",""
"413","14062","22",""
"413","14063","23",""
"413","14064","24",""
"413","14065","2",""
"413","14066","3",""
"413","14067","11",""
"413","14068","12",""
"413","14069","14",""
"413","14070","16",""
"413","14071","18",""
"413","14072","20",""
"413","14073","21",""
"413","14074","3",""
"413","14075","4",""
"413","14076","4",""
"413","14077","6",""
"413","14078","6",""
"413","14079","8",""
"413","14080","9",""
"413","14081","13",""
"413","14082","15",""
"413","14083","22",""
"413","14084","23",""
"413","14085","24",""
"413","14086","25",""
"413","14087","25",""
"413","14088","31",""
"413","14089","32",""
"413","14090","33",""
"413","14091","34",""
"413","14092","36",""
"413","14093","38",""
"413","14094","39",""
"413","4138","39",""
"413","14095","40",""
"413","14096","2",""
"413","1541","3",""
"413","1542","5",""
"413","14097","7",""
"413","50576","8",""
"413","43057","9",""
"413","43058","10",""
"413","1548","16",""
"413","14100","17",""
"413","14101","18",""
"413","14102","18",""
"413","14103","19",""
"413","14104","3",""
"413","14105","4",""
"413","14106","6",""
"413","14107","7",""
"413","14108","9",""
"413","14109","11",""
"413","14110","12",""
"413","14111","13",""
"413","14112","14",""
"413","14113","16",""
"413","14114","18",""
"413","14115","19",""
"413","14116","20",""
"413","14117","21",""
"413","14118","22",""
"413","14119","22",""
"413","14120","2",""
"413","14121","4",""
"413","14122","6",""
"413","14123","8",""
"413","14124","9",""
"413","14125","10",""
"413","14126","10",""
"413","14127","11",""
"413","14128","13",""
"413","14129","15",""
"413","14130","19",""
"413","14131","19",""
"413","14132","20",""
"413","14133","22",""
"413","14134","22",""
"413","14135","2",""
"413","14136","3",""
"413","4139","5",""
"413","14137","5",""
"413","14138","6",""
"413","14139","8",""
"413","14140","8",""
"413","14141","9",""
"413","14142","9",""
"413","14143","11",""
"413","2384","1",""
"413","14144","2",""
"413","14145","3",""
"413","14146","5",""
"413","14147","8",""
"413","14148","10",""
"413","14149","11",""
"413","14150","11",""
"413","14151","12",""
"413","14152","13",""
"413","14153","13",""
"413","14154","14",""
"413","14155","2",""
"413","14156","2",""
"413","14157","3",""
"413","14158","4",""
"413","2385","4",""
"413","14159","5",""
"413","43059","6",""
"116","36231","254",""
"116","36232","253",""
"116","36233","3",""
"116","36234","4",""
"116","36235","253",""
"116","36236","9",""
"116","36237","11",""
"116","36238","12",""
"116","36239","13",""
"116","36240","15",""
"116","36241","16",""
"116","36242","18",""
