"RouteID","StationId","EstimateTime","Memo"
"113","4002","6",""
"113","4003","7",""
"113","4004","8",""
"113","4005","9",""
"113","4006","10",""
"113","4007","12",""
"113","4008","13",""
"113","4009","15",""
"113","4010","16",""
"113","4011","17",""
"113","4012","17",""
"113","4013","20",""
"113","4014","21",""
"113","4015","22",""
"113","4016","22",""
"113","4017","23",""
"113","4018","23",""
"113","4019","25",""
"113","4020","25",""
"113","4021","26",""
"113","4022","27",""
"113","4023","28",""
"113","4024","29",""
"113","4025","29",""
"113","4026","30",""
"113","4027","31",""
"113","4028","31",""
"113","4029","32",""
"113","4030","34",""
"113","4031","35",""
"113","38997","36",""
"113","4032","37",""
"113","4033","38",""
"113","4034","39",""
"113","4035","41",""
"113","4036","43",""
"113","4037","44",""
"113","4038","47",""
"113","4039","47",""
"113","4040","48",""
"113","4041","51",""
"113","4042","52",""
"113","4043","53",""
"113","4044","53",""
"113","4045","54",""
"113","4046","55",""
"113","4047","57",""
"113","39650","58",""
"113","4048","59",""
"113","4049","61",""
"113","4050","62",""
"113","4051","64",""
"113","4052","65",""
"113","4053","66",""
"113","4054","69",""
"113","4055","72",""
"113","4082","77",""
"113","4083","78",""
"113","4084","79",""
"113","4085","81",""
"113","4086","82",""
"113","4087","83",""
"113","4088","84",""
"113","4089","86",""
"113","4090","88",""
"113","4091","89",""
"113","4092","91",""
"113","4093","91",""
"113","4094","93",""
"113","4095","2",""
"113","4096","2",""
"113","4097","4",""
"113","4098","5",""
"113","4099","7",""
"113","4100","9",""
"113","4101","10",""
"113","4102","11",""
"113","4103","12",""
"113","4104","13",""
"113","38998","14",""
"113","4106","15",""
"113","4107","17",""
"113","4108","18",""
"113","4109","18",""
"113","4110","22",""
"113","4111","22",""
"113","4112","23",""
"113","4113","23",""
"113","4114","24",""
"113","4115","25",""
"113","4116","26",""
"113","4117","27",""
"113","4118","28",""
"113","4119","30",""
"113","4120","30",""
"113","4121","31",""
"113","4122","32",""
"113","4124","33",""
"113","4125","34",""
"113","4126","35",""
"113","4127","37",""
"113","4128","37",""
"113","4129","39",""
"113","4130","39",""
"113","4131","41",""
"113","4132","41",""
"113","4133","43",""
"113","4134","44",""
"113","4135","46",""
"131","42274","66",""
"131","0372","71",""
"131","0373","71",""
"131","0374","72",""
"131","0375","72",""
"131","0376","74",""
"131","0377","76",""
"131","0378","2",""
"131","0379","3",""
"131","0380","3",""
"131","0381","5",""
"131","0382","6",""
"131","0383","6",""
"131","0384","9",""
"131","0385","9",""
"131","0386","11",""
"131","0387","13",""
"131","0388","15",""
"131","42275","15",""
"131","0389","17",""
"131","0390","18",""
"131","0391","19",""
"131","0392","19",""
"131","0393","21",""
"131","0394","22",""
"131","0395","22",""
"131","41313","23",""
"131","0396","24",""
"131","41314","25",""
"131","0397","26",""
"131","0398","27",""
"131","0399","28",""
"131","0400","29",""
"131","0401","30",""
"131","0402","30",""
"131","0403","31",""
"131","42276","32",""
"131","0404","34",""
"131","0405","35",""
"131","0406","36",""
"131","0407","38",""
"131","0408","40",""
"131","0409","42",""
"131","0410","43",""
"131","0411","44",""
"131","0412","47",""
"131","0413","47",""
"131","0414","48",""
"131","0415","49",""
"131","0416","50",""
"131","0417","51",""
"131","0418","52",""
"131","0419","52",""
"131","0420","54",""
"141","0289","66",""
"141","6602","75",""
"141","6603","75",""
"141","6604","76",""
"141","6605","76",""
"141","6606","77",""
"141","0017","77",""
"141","6607","79",""
"141","6608","79",""
"141","6609","80",""
"141","6610","81",""
"141","6611","81",""
"141","6612","82",""
"141","6613","82",""
"141","6614","83",""
"141","6615","85",""
"141","6616","86",""
"141","6617","87",""
"141","6618","89",""
"141","6619","89",""
"141","6620","94",""
"141","6621","95",""
"141","6622","98",""
"141","6626","100",""
"141","6627","101",""
"141","6628","103",""
"141","6629","1",""
"141","6630","2",""
"141","6631","3",""
"141","6632","4",""
"141","6633","5",""
"141","6634","6",""
"141","6635","6",""
"141","6636","7",""
"141","6637","8",""
"141","6639","9",""
"141","0018","11",""
"141","6640","11",""
"141","6641","12",""
"141","6642","12",""
"141","6643","12",""
"141","6644","14",""
"141","6645","17",""
"141","6646","18",""
"141","6647","19",""
"141","6648","24",""
"141","6649","25",""
"141","6650","26",""
"141","6651","28",""
"141","6652","29",""
"211","1479","20",""
"211","1480","22",""
"211","50575","1",""
"211","50574","2",""
"211","1483","10",""
"211","1484","11",""
"211","1485","12",""
"211","1486","14",""
"211","1487","15",""
"211","1488","18",""
"211","1489","18",""
"211","1490","20",""
"211","1491","22",""
"211","1492","3",""
"211","1493","3",""
"211","1494","4",""
"211","1495","5",""
"211","1496","7",""
"211","1497","7",""
"211","1498","9",""
"211","1499","9",""
"211","1500","11",""
"211","1501","11",""
"211","1502","12",""
"211","39067","12",""
"211","1503","14",""
"211","1504","15",""
"211","1505","16",""
"211","1506","17",""
"211","1507","19",""
"211","1508","21",""
"211","1509","23",""
"211","1510","23",""
"211","1511","24",""
"211","1512","26",""
"211","1513","27",""
"211","1514","29",""
"211","1515","30",""
"211","1516","31",""
"211","1517","1",""
"211","1518","2",""
"211","1519","3",""
"211","1520","5",""
"211","1521","7",""
"211","1522","8",""
"211","1523","1",""
"211","1524","3",""
"211","1525","5",""
"211","1526","6",""
"211","1527","6",""
"211","1528","7",""
"211","1529","8",""
"211","1530","9",""
"211","1531","10",""
"211","1532","12",""
"211","1533","13",""
"211","1534","14",""
"211","1535","15",""
"211","1537","17",""
"211","1538","17",""
"211","1422","-1","未發車"
"211","1423","3",""
"211","1424","4",""
"211","1425","6",""
"211","1426","7",""
"211","1427","8",""
"211","1428","9",""
"211","1429","10",""
"211","1430","10",""
"211","1431","11",""
"211","1432","12",""
"211","1433","13",""
"211","1434","13",""
"211","1435","15",""
"211","1436","16",""
"211","1437","17",""
"211","1438","19",""
"211","1439","21",""
"211","1440","22",""
"211","1442","23",""
"211","1443","25",""
"211","1444","25",""
"211","1445","27",""
"211","1446","28",""
"211","1447","28",""
"211","1448","29",""
"211","1449","30",""
"211","1450","31",""
"211","1451","32",""
"211","1452","3",""
"211","1453","5",""
"211","1454","6",""
"211","1455","7",""
"211","1456","9",""
"211","1457","10",""
"211","1458","11",""
"211","1459","12",""
"211","1460","12",""
"211","1461","13",""
"211","1462","14",""
"211","1463","15",""
"211","1464","16",""
"211","1465","17",""
"211","1466","19",""
"211","1467","20",""
"211","1468","24",""
"211","1469","25",""
"211","1470","1",""
"211","1471","3",""
"211","1472","6",""
"211","1473","7",""
"211","1474","7",""
"211","1475","8",""
"211","1476","10",""
"211","1477","11",""
"211","1478","18",""
"5312","7470","-1","未發車"
"5312","7471","-1","未發車"
"5312","7472","-1","未發車"
"5312","7473","-1","未發車"
"5312","7474","2",""
"5312","7475","3",""
"5312","7476","6",""
"5312","7477","8",""
"5312","7478","9",""
"5312","7479","9",""
"5312","7480","11",""
"5312","7481","13",""
"5312","7482","13",""
"5312","7483","15",""
"5312","7484","15",""
"5312","7485","16",""
"5312","7486","17",""
"5312","7487","18",""
"5230","2181","-1","未發車"
"5230","2182","-1","未發車"
"5230","3485","-1","未發車"
"5230","2183","-1","未發車"
"5230","2184","-1","未發車"
"5230","42388","-1","未發車"
"5230","2185","-1","未發車"
"5230","2186","-1","未發車"
"5230","40510","-1","未發車"
"5230","2187","-1","未發車"
"5230","2188","-1","未發車"
"5230","2189","-1","未發車"
"5230","2190","-1","未發車"
"5230","2191","-1","未發車"
"5230","2192","-1","未發車"
"5230","2193","-1","未發車"
"5230","2194","-1","未發車"
"5230","2195","-1","未發車"
"5230","2196","-1","未發車"
"5230","2197","-1","未發車"
"5230","2198","-1","未發車"
"5230","2199","-1","未發車"
"5230","2200","-1","未發車"
"5230","2201","-1","未發車"
"5230","2202","-1","未發車"
"5230","2203","-1","未發車"
"5230","2204","-1","未發車"
"5230","2205","5",""
"5230","2206","7",""
"5230","2207","9",""
"5230","2208","10",""
"5230","2209","10",""
"5230","2210","11",""
"5230","2211","11",""
"5230","2212","12",""
"5230","2213","13",""
"5230","2214","14",""
"5230","2215","15",""
"5230","2216","15",""
"5230","2217","15",""
"5230","2218","16",""
"5230","2219","17",""
"5230","2220","18",""
"5230","2221","19",""
"5230","40511","20",""
"5230","2222","20",""
"5230","2223","21",""
"5230","42389","21",""
"5230","2224","22",""
"5230","2225","24",""
"5230","2226","25",""
"5230","2227","26",""
"5230","3486","27",""
"226","10698","4",""
"226","10699","5",""
"226","10700","6",""
"226","10701","6",""
"226","10702","6",""
"226","10703","7",""
"226","10704","8",""
"226","10705","8",""
"226","10706","9",""
"226","10707","9",""
"226","10708","9",""
"226","10709","10",""
"226","10710","10",""
"226","10711","11",""
"226","10712","12",""
"226","10713","12",""
"226","10714","13",""
"226","10715","13",""
"226","10716","1",""
"226","41371","5",""
"226","41369","10",""
"226","10717","17",""
"226","10718","18",""
"226","10719","20",""
"226","10720","22",""
"226","10721","23",""
"226","10722","25",""
"226","10723","26",""
"226","10724","28",""
"226","10725","30",""
"226","10726","31",""
"226","10727","32",""
"226","10728","1",""
"226","10729","1",""
"226","10730","3",""
"226","10731","4",""
"226","10732","4",""
"226","10661","-1","未發車"
"226","10662","-1","未發車"
"226","10663","-1","未發車"
"226","10664","-1","未發車"
"226","10665","-1","未發車"
"226","10666","-1","未發車"
"226","10667","-1","未發車"
"226","10668","-1","未發車"
"226","10669","-1","未發車"
"226","10670","-1","未發車"
"226","10671","-1","未發車"
"226","10672","-1","未發車"
"226","10673","-1","未發車"
"226","10674","-1","未發車"
"226","10675","-1","未發車"
"226","10676","-1","未發車"
"226","10677","-1","未發車"
"226","41368","-1","未發車"
"226","41370","-1","未發車"
"226","10678","-1","未發車"
"226","10679","-1","未發車"
"226","10680","-1","未發車"
"226","10681","-1","未發車"
"226","10682","-1","未發車"
"226","10683","-1","未發車"
"226","10684","-1","未發車"
"226","10685","-1","未發車"
"226","10686","-1","未發車"
"226","10687","-1","未發車"
"226","10688","-1","未發車"
"226","10689","-1","未發車"
"226","10690","-1","未發車"
"226","10691","-1","未發車"
"226","10692","-1","未發車"
"226","10693","-1","未發車"
"226","10694","-1","未發車"
"226","10695","2",""
"226","10696","2",""
"226","10697","3",""
"190","14931","76",""
"190","14932","79",""
"190","14933","80",""
"190","14934","81",""
"190","14935","81",""
"190","14936","81",""
"190","0016","82",""
"190","14937","84",""
"190","14938","85",""
"190","14939","86",""
"190","14940","86",""
"190","14941","87",""
"190","14942","88",""
"190","14943","89",""
"190","14944","90",""
"190","14945","91",""
"190","14946","92",""
"190","14947","93",""
"190","14948","93",""
"190","14949","94",""
"190","14950","94",""
"190","14951","95",""
"190","14952","95",""
"190","1551","96",""
"190","14953","96",""
"190","14954","96",""
"190","14955","97",""
"190","14956","98",""
"190","14957","98",""
"190","14958","98",""
"190","14959","102",""
"190","14960","102",""
"190","1552","102",""
"190","14961","103",""
"190","14962","103",""
"190","14963","104",""
"190","14964","104",""
"190","14965","105",""
"190","14966","106",""
"190","14967","106",""
"190","14968","107",""
"190","14969","108",""
"190","14970","108",""
"190","14971","109",""
"190","14972","109",""
"190","14973","110",""
"190","14974","110",""
"190","14975","110",""
"190","14976","111",""
"190","14977","111",""
"190","4554","112",""
"190","14978","112",""
"190","14979","113",""
"190","14980","113",""
"190","14981","115",""
"190","14982","115",""
"190","14983","117",""
"190","14984","118",""
"190","14985","119",""
"190","14986","119",""
"190","14987","120",""
"190","14988","124",""
"190","14990","5",""
"190","41257","6",""
"190","14871","16",""
"190","14872","19",""
"190","14873","20",""
"190","14874","21",""
"190","14875","23",""
"190","14876","24",""
"190","14877","25",""
"190","14878","25",""
"190","14879","26",""
"190","14880","27",""
"190","14881","28",""
"190","14882","28",""
"190","14883","29",""
"190","4553","29",""
"190","14884","30",""
"190","14885","30",""
"190","14886","31",""
"190","14887","31",""
"190","14888","32",""
"190","14889","32",""
"190","14890","33",""
"190","14891","33",""
"190","14892","34",""
"190","14893","35",""
"190","14894","35",""
"190","14895","36",""
"190","14896","37",""
"190","14897","37",""
"190","14898","39",""
"190","14899","39",""
"190","14900","40",""
"190","1549","41",""
"190","14901","41",""
"190","14902","42",""
"190","14903","44",""
"190","14904","44",""
"190","14905","44",""
"190","14906","45",""
"190","14907","45",""
"190","14908","46",""
"190","1550","46",""
"190","14909","47",""
"190","14910","47",""
"190","14911","48",""
"190","14912","48",""
"190","14913","48",""
"190","14914","49",""
"190","14915","49",""
"190","14916","50",""
"190","14917","51",""
"190","14918","51",""
"190","14919","52",""
"190","14920","53",""
"190","14921","56",""
"190","14922","56",""
"190","14923","57",""
"190","14924","59",""
"190","14925","59",""
"190","0015","60",""
"190","14926","60",""
"190","14927","61",""
"190","14928","61",""
"190","14929","62",""
"190","14930","62",""
"5243","16431","254",""
"5243","16432","254",""
"5243","16433","254",""
"5243","16434","254",""
"5243","16435","254",""
"5243","16436","254",""
"5243","16437","254",""
"5243","16438","254",""
"5243","16439","254",""
"5243","16440","254",""
"5243","16441","254",""
"5243","16442","254",""
"5243","16443","254",""
"5243","16444","254",""
"5243","16445","254",""
"5243","16446","254",""
"5243","16447","254",""
"5243","2178","254",""
"5243","42329","254",""
"5243","2179","254",""
"5243","16448","254",""
"5243","16449","254",""
"5243","16450","254",""
"5243","16451","254",""
"5243","16452","254",""
"5243","16453","254",""
"5243","41292","254",""
"5243","16454","254",""
"5243","16455","254",""
"5243","16456","2",""
"5243","16457","3",""
"5243","16458","3",""
"5243","16459","3",""
"5243","16460","4",""
"5243","39467","5",""
"5243","16461","6",""
"5243","16462","7",""
"5243","16463","7",""
"5243","16464","8",""
"5243","16465","2",""
"5243","16466","2",""
"5243","16467","3",""
"5243","39468","3",""
"5243","16468","5",""
"5243","16469","6",""
"5243","16470","6",""
"5243","16471","6",""
"5243","16472","7",""
"5243","16473","9",""
"5243","16474","9",""
"5243","41293","10",""
"5243","16475","11",""
"5243","16476","11",""
"5243","16477","12",""
"5243","16478","12",""
"5243","16479","13",""
"5243","16480","13",""
"5243","2242","14",""
"5243","42330","16",""
"5243","2243","16",""
"5243","16481","17",""
"5243","16482","17",""
"5243","16483","18",""
"5243","16484","19",""
"5243","16485","20",""
"5243","16486","21",""
"5243","16487","22",""
"5243","16488","22",""
"5243","16489","24",""
"5243","16490","25",""
"5243","16491","25",""
"5243","16492","26",""
"5243","16493","28",""
"5243","16494","28",""
"5243","16495","29",""
"5243","16496","30",""
"5243","16497","32",""
"5243","16498","33",""
"2035","27511","6",""
"2035","27512","8",""
"2035","27513","13",""
"2035","27514","16",""
"2035","27515","22",""
"2035","27516","26",""
"1075","32022","36",""
"1075","32023","37",""
"1075","32024","39",""
"1075","32025","40",""
"1075","32026","41",""
"1075","32027","42",""
"1075","32028","43",""
"1075","32029","43",""
"1075","32030","44",""
"1075","32031","47",""
"1075","32032","47",""
"1075","32033","48",""
"1075","32034","48",""
"1075","32035","48",""
"1075","32036","50",""
"1075","32037","50",""
"1075","32038","53",""
"1075","32039","56",""
"1075","32040","61",""
"1075","32041","62",""
"1075","41054","63",""
"1075","41053","64",""
"1075","32042","66",""
"1075","41055","67",""
"1075","32043","68",""
"1075","32044","69",""
"1075","32045","71",""
"1075","32046","73",""
"1075","32047","74",""
"1075","32048","76",""
"1075","32049","77",""
"1075","32050","77",""
"1075","32051","78",""
"1075","32052","79",""
"1075","32053","79",""
"1075","32054","80",""
"1075","32055","80",""
"1075","32056","81",""
"1075","41684","81",""
"1075","41685","82",""
"1075","41686","83",""
"1075","32059","87",""
"1075","32060","88",""
"1075","32061","89",""
"1075","32062","89",""
"1075","32063","89",""
"1075","32064","90",""
"1075","32065","90",""
"1075","32066","94",""
"1075","32067","94",""
"1075","32068","95",""
"1075","32069","96",""
"1075","32070","96",""
"1075","32071","98",""
"1075","32072","99",""
"1075","32073","101",""
"1075","32074","102",""
"1075","32075","103",""
"2008","22641","6",""
"2008","22642","8",""
"2008","22643","8",""
"2008","22644","9",""
"2008","22645","9",""
"2008","22646","10",""
"2008","22647","10",""
"2008","22648","11",""
"2008","22649","12",""
"2008","22650","13",""
"2008","22651","14",""
"2008","22652","14",""
"2008","22653","15",""
"2008","22654","16",""
"2008","22655","17",""
"2008","22656","17",""
"2008","22657","17",""
"2008","22658","18",""
"2008","22659","18",""
"2008","22660","20",""
"2008","22661","21",""
"2008","22662","21",""
"2008","22663","22",""
"2008","22664","22",""
"2008","22665","24",""
"2008","22666","24",""
"2008","22667","26",""
"2008","22668","27",""
"2008","22669","27",""
"2008","22670","28",""
"2008","22671","29",""
"2008","22672","30",""
"2008","22673","31",""
"2008","22674","32",""
"2008","22675","33",""
"2008","22676","34",""
"2008","22677","34",""
"2008","22678","35",""
"2008","22679","36",""
"2008","22680","36",""
"2008","22681","36",""
"2008","22682","37",""
"2008","22683","37",""
"2008","22684","38",""
"2008","22685","38",""
"2008","22686","39",""
"2008","22687","39",""
"2008","22688","40",""
"2008","22689","41",""
"2008","22690","41",""
"2008","22691","42",""
"2008","22692","42",""
"2008","22693","43",""
"9014","27821","6",""
"9014","27822","6",""
"9014","27823","7",""
"9014","27824","8",""
"9014","27825","10",""
"9014","27826","11",""
"9014","27827","12",""
"9014","27828","14",""
"9014","27829","19",""
"9014","27830","20",""
"9014","27831","22",""
"9014","27832","23",""
"9014","27833","24",""
"9014","27834","25",""
"9014","27835","26",""
"9014","27836","27",""
"9014","27837","28",""
"9014","27838","28",""
"9014","27839","29",""
"9014","27840","29",""
"9014","27841","30",""
"9014","27842","31",""
"803","11954","-1","未發車"
"803","11955","-1","未發車"
"803","11956","-1","未發車"
"803","11957","-1","未發車"
"803","11958","-1","未發車"
"803","11959","-1","未發車"
"803","1153","-1","未發車"
"803","11960","-1","未發車"
"803","11961","-1","未發車"
"803","11962","-1","未發車"
"803","11963","-1","未發車"
"803","11964","-1","未發車"
"803","11965","-1","未發車"
"803","11966","-1","未發車"
"803","11967","-1","未發車"
"803","11968","-1","未發車"
"803","11969","-1","未發車"
"803","11970","-1","未發車"
"803","11971","-1","未發車"
"803","11972","-1","未發車"
"803","11973","2",""
"803","11974","4",""
"803","11975","4",""
"803","11976","5",""
"803","11977","6",""
"803","11978","8",""
"803","11979","11",""
"803","11980","12",""
"803","11981","13",""
"803","11982","14",""
"803","11983","15",""
"803","11984","16",""
"803","11985","17",""
"803","11986","18",""
"803","11987","19",""
"803","11988","21",""
"803","11989","22",""
"803","11990","23",""
"803","11991","1",""
"803","11992","2",""
"803","11993","2",""
"5663","21555","16",""
"5663","21556","17",""
"5663","21557","17",""
"5663","21558","18",""
"5663","21559","18",""
"5663","21560","19",""
"5663","21561","19",""
"5663","21562","20",""
"5663","21563","21",""
"5663","21564","23",""
"5663","21565","24",""
"5663","21566","26",""
"5663","21567","26",""
"5663","21568","27",""
"5663","21569","28",""
"5663","21570","32",""
"5663","21571","32",""
"5663","21572","33",""
"5663","21573","35",""
"5663","21574","37",""
"5663","21578","37",""
"5663","21579","38",""
"5663","21580","38",""
"5663","21581","39",""
"5663","21582","39",""
"5663","21583","40",""
"5663","21584","40",""
"5663","21585","41",""
"5663","21586","42",""
"5663","21587","42",""
"5663","21588","43",""
"5663","21589","43",""
"5663","21590","44",""
"5663","21591","45",""
"5663","21592","46",""
"5663","21593","47",""
"5663","21594","48",""
"5663","21595","49",""
"5663","40541","49",""
"5663","21596","51",""
"5663","21597","52",""
"5663","21598","53",""
"5663","21599","53",""
"5663","21600","54",""
"5663","21601","54",""
"5663","21602","55",""
"5663","21603","55",""
"5663","21604","56",""
"5663","21605","2",""
"5663","21606","8",""
"5663","21607","9",""
"5663","21608","10",""
"5663","21609","13",""
"5663","21610","14",""
"5663","21611","14",""
"5663","21612","15",""
"5663","21613","16",""
"5663","21614","17",""
"5663","21615","18",""
"5663","21616","19",""
"5663","21617","20",""
"127","12451","254",""
"127","12452","254",""
"127","12453","254",""
"127","12454","254",""
"127","12455","254",""
"127","12456","254",""
"127","12457","254",""
"127","12458","254",""
"127","12459","254",""
"127","12460","254",""
"127","12461","254",""
"127","12462","254",""
"127","12463","254",""
"127","12464","254",""
"127","12465","254",""
"127","12466","254",""
"127","12467","254",""
"127","12468","254",""
"127","12469","254",""
"127","12470","254",""
"127","12471","254",""
"127","12472","254",""
"127","12473","254",""
"127","12474","254",""
"127","12475","254",""
"127","12476","254",""
"127","12477","254",""
"127","12478","254",""
"127","12479","254",""
"127","12480","254",""
"127","12481","254",""
"127","12482","254",""
"127","12483","254",""
"127","12484","254",""
"127","12485","254",""
"127","12486","254",""
"127","12487","254",""
"127","12488","254",""
"127","12489","254",""
"127","12490","254",""
"127","12491","254",""
"127","12492","254",""
"127","12493","1",""
"127","12494","2",""
"127","12495","3",""
"127","12496","3",""
"127","12497","4",""
"127","12498","4",""
"127","12499","5",""
"127","12500","5",""
"127","12501","5",""
"127","12502","6",""
"127","12503","8",""
"127","12504","9",""
"127","12505","10",""
"127","12506","11",""
"127","12507","12",""
"127","12508","12",""
"127","12509","12",""
"127","12510","13",""
"127","12511","13",""
"127","12512","14",""
"127","12513","15",""
"127","12514","16",""
"127","12515","17",""
"127","12516","17",""
"127","12517","18",""
"127","12518","18",""
"127","12519","19",""
"127","12520","20",""
"127","12521","21",""
"127","12522","21",""
"127","12523","21",""
"127","12524","22",""
"127","12525","22",""
"127","12526","23",""
"127","12527","23",""
"127","12528","24",""
"127","12529","25",""
"127","12530","26",""
"127","12531","26",""
"127","12532","27",""
"127","12533","28",""
"127","12534","28",""
"127","12535","1",""
"127","12536","1",""
"127","12537","2",""
"128","19482","26",""
"128","19483","27",""
"128","19484","28",""
"128","19485","29",""
"128","19486","30",""
"128","19487","31",""
"128","19488","31",""
"128","19489","32",""
"128","19490","33",""
"128","19491","33",""
"128","19492","35",""
"128","19493","35",""
"128","19494","36",""
"128","19495","37",""
"128","19496","37",""
"128","19497","38",""
"128","19498","40",""
"128","19499","40",""
"128","19500","41",""
"128","19501","41",""
"128","19502","42",""
"128","19503","42",""
"128","19504","43",""
"128","19505","44",""
"128","19506","45",""
"128","19507","46",""
"128","19508","46",""
"128","19509","47",""
"128","19510","48",""
"128","19511","48",""
"128","19512","49",""
"128","19513","49",""
"128","19514","50",""
"128","19515","50",""
"128","19516","51",""
"128","19517","51",""
"128","19518","51",""
"128","19519","52",""
"128","19520","53",""
"128","19521","53",""
"128","19522","54",""
"128","19523","54",""
"128","19524","54",""
"128","19525","55",""
"128","19526","56",""
"128","19527","57",""
"128","19528","57",""
"128","19529","58",""
"128","19530","58",""
"128","19531","58",""
"128","19532","59",""
"128","19533","59",""
"128","19534","61",""
"128","19535","62",""
"128","19536","63",""
"128","19537","65",""
"128","19538","66",""
"128","19539","67",""
"128","19540","67",""
"128","19541","67",""
"128","19542","68",""
"128","19543","68",""
"128","19544","69",""
"128","19545","70",""
"128","19546","70",""
"128","19547","71",""
"128","19548","71",""
"128","19549","72",""
"128","19550","72",""
"482","32406","-1","未發車"
"482","32407","-1","未發車"
"482","32408","-1","未發車"
"482","32409","-1","未發車"
"482","32410","-1","未發車"
"482","32411","-1","未發車"
"482","32412","-1","未發車"
"482","32413","-1","未發車"
"482","32414","-1","未發車"
"482","32415","-1","未發車"
"482","32416","-1","未發車"
"482","32417","-1","未發車"
"482","32418","-1","未發車"
"482","32419","-1","未發車"
"482","32420","-1","未發車"
"482","32421","-1","未發車"
"482","32422","-1","未發車"
"482","32423","-1","未發車"
"482","32424","-1","未發車"
"482","32425","-1","未發車"
"482","32426","-1","未發車"
"482","32427","-1","未發車"
"482","32428","-1","未發車"
"482","32429","-1","未發車"
"482","32430","-1","未發車"
"482","32431","-1","未發車"
"482","32432","-1","未發車"
"482","32433","-1","未發車"
"482","32434","-1","未發車"
"482","32435","2",""
"482","32436","3",""
"482","32437","5",""
"482","32438","7",""
"482","32439","10",""
"482","32440","13",""
"482","32441","15",""
"482","32442","18",""
"482","32443","20",""
"482","32444","21",""
"482","32445","23",""
"482","32446","24",""
"482","32447","25",""
"482","32448","27",""
"482","32449","30",""
"482","32450","34",""
"482","32451","37",""
"482","32452","37",""
"482","32453","38",""
"482","32454","39",""
"482","32455","40",""
"482","1160","2",""
"482","32456","3",""
"482","32457","8",""
"482","32458","10",""
"482","32459","13",""
"482","32460","15",""
"482","32461","18",""
"482","32462","21",""
"482","32463","23",""
"482","32464","25",""
"482","32465","26",""
"482","32466","27",""
"482","32467","27",""
"482","32468","2",""
"482","32469","3",""
"482","32470","4",""
"482","32471","6",""
"482","32472","7",""
"482","32473","8",""
"482","32474","8",""
"482","32475","9",""
"482","32476","11",""
"482","32477","12",""
"482","32478","12",""
"482","32479","13",""
"482","32480","14",""
"482","32481","15",""
"482","32482","16",""
"482","32483","17",""
"482","32484","18",""
"482","32485","18",""
"482","32486","19",""
"482","32487","19",""
"482","32488","21",""
"482","32489","23",""
"482","32490","23",""
"482","32491","23",""
"482","32492","25",""
"482","32493","26",""
"482","32494","27",""
"482","32495","1",""
"157","33126","2",""
"157","33127","3",""
"157","33128","4",""
"157","33129","6",""
"157","33130","8",""
"157","33131","10",""
"157","33132","11",""
"157","33133","13",""
"157","33134","15",""
"157","33135","2",""
"157","33136","3",""
"157","2249","4",""
"157","33137","5",""
"157","33138","6",""
"157","33139","3",""
"157","33140","4",""
"157","33141","6",""
"157","33142","7",""
"157","33143","10",""
"157","33144","11",""
"157","33145","13",""
"157","33146","14",""
"157","33147","15",""
"157","33148","16",""
"157","33149","17",""
"157","33150","18",""
"157","33151","20",""
"157","33152","2",""
"157","33153","3",""
"157","33154","4",""
"157","33155","6",""
"157","33156","7",""
"157","33157","8",""
"157","33158","10",""
"157","33159","12",""
"157","33160","13",""
"157","33161","14",""
"157","33162","2",""
"157","33163","2",""
"157","33164","3",""
"157","33165","4",""
"157","42935","60",""
"157","33087","-1","未發車"
"157","33088","-1","未發車"
"157","33089","-1","未發車"
"157","33090","-1","未發車"
"157","33091","1",""
"157","33092","2",""
"157","33093","2",""
"157","33094","4",""
"157","33095","5",""
"157","33096","6",""
"157","33097","7",""
"157","33098","9",""
"157","33099","10",""
"157","33100","12",""
"157","33101","14",""
"157","39649","14",""
"157","33102","15",""
"157","33103","15",""
"157","33104","17",""
"157","33105","17",""
"157","33106","18",""
"157","33107","20",""
"157","33108","2",""
"157","33109","3",""
"157","33110","2",""
"157","33111","3",""
"157","33112","5",""
"157","33113","6",""
"157","33114","9",""
"157","33115","10",""
"157","33116","10",""
"157","33117","13",""
"157","33118","13",""
"157","33119","17",""
"157","33120","2",""
"157","33121","5",""
"157","33122","7",""
"157","33123","9",""
"157","33124","10",""
"157","33125","11",""
"5410","33455","126",""
"5410","33456","127",""
"5410","33457","128",""
"5410","33458","129",""
"5410","33459","130",""
"5410","33460","131",""
"5410","33461","133",""
"5410","33462","135",""
"5410","33463","136",""
"5410","33464","139",""
"5410","33465","139",""
"5410","33466","141",""
"5410","33467","1",""
"5410","33468","2",""
"5410","33469","2",""
"5410","33470","3",""
"5410","33471","3",""
"5410","33472","4",""
"5410","33473","5",""
"5410","33474","5",""
"5410","38976","6",""
"5410","33475","6",""
"5410","1372","6",""
"5410","1373","7",""
"5410","1374","7",""
"5410","1375","8",""
"5410","1376","9",""
"5410","1377","9",""
"5410","1378","9",""
"5410","1379","11",""
"5410","1380","11",""
"5410","1381","12",""
"5410","1382","12",""
"5410","1383","13",""
"5410","38981","13",""
"5410","1384","14",""
"5410","38978","14",""
"5410","33476","14",""
"5410","33477","15",""
"5410","33478","16",""
"5410","33479","17",""
"5410","33480","17",""
"5410","33481","18",""
"5410","33482","18",""
"5410","33483","19",""
"5410","55858","19",""
"5410","33484","20",""
"5410","33485","21",""
"5410","33486","22",""
"5410","33487","22",""
"5410","33488","24",""
"5410","33489","24",""
"5410","33491","25",""
"5410","33492","26",""
"5410","33493","27",""
"5410","33494","28",""
"5410","33495","29",""
"5410","33496","30",""
"5410","33497","34",""
"5410","33498","37",""
"5410","33499","37",""
"5410","33500","40",""
"5410","33501","40",""
"5410","33502","42",""
"5410","33503","44",""
"5410","33504","46",""
"5410","33505","47",""
"5410","33506","50",""
"5410","33507","51",""
"5410","33508","52",""
"5410","33509","54",""
"5410","33510","55",""
"5410","33511","56",""
"5410","33512","57",""
"5410","33515","59",""
"5410","33516","60",""
"5410","33517","61",""
"5410","33518","61",""
"5410","33519","62",""
"5410","55859","63",""
"5410","33520","64",""
"5410","33521","66",""
"5410","33522","66",""
"5410","33523","66",""
"5410","33524","67",""
"5410","33525","68",""
"5410","33526","69",""
"5410","33527","69",""
"5410","38979","70",""
"5410","1385","70",""
"5410","1386","70",""
"5410","1387","71",""
"5410","1388","71",""
"5410","1389","72",""
"5410","1390","73",""
"5410","1391","73",""
"5410","1394","73",""
"5410","1395","74",""
"5410","1396","75",""
"5410","1397","76",""
"5410","1398","76",""
"5410","1399","77",""
"5410","38982","77",""
"5410","33528","77",""
"5410","38977","78",""
"5410","33529","78",""
"5410","33530","78",""
"5410","33531","79",""
"5410","33532","80",""
"5410","33533","81",""
"5410","33534","81",""
"5410","33535","81",""
"5410","33536","82",""
"5410","33537","83",""
"5410","33538","2",""
"5410","33539","2",""
"5410","33540","5",""
"5410","33541","6",""
"5410","33542","7",""
"5410","33543","9",""
"5410","33544","10",""
"5410","33545","11",""
"5410","33546","12",""
"5410","33547","13",""
"5215","33559","22",""
"5215","33560","23",""
"5215","33561","23",""
"5215","33562","24",""
"5215","33563","24",""
"5215","33564","25",""
"5215","33565","25",""
"5215","33566","26",""
"5215","33567","29",""
"5215","34431","29",""
"5215","33568","31",""
"5215","33569","34",""
"5215","33570","34",""
"5215","33571","36",""
"5215","33572","36",""
"5215","33573","37",""
"5215","33574","38",""
"5215","33575","39",""
"5215","33576","41",""
"5215","33577","41",""
"5215","33578","43",""
"5215","33579","44",""
"5215","33580","44",""
"5215","33581","45",""
"5215","34432","47",""
"5215","33582","48",""
"5215","33583","49",""
"5215","3566","50",""
"5215","33584","50",""
"5215","33585","51",""
"5215","45948","52",""
"5215","33586","52",""
"5215","33587","54",""
"5215","33588","57",""
"5215","33589","58",""
"5215","33590","58",""
"5215","33591","59",""
"5215","33592","60",""
"5215","33593","62",""
"5215","33594","63",""
"5215","33595","64",""
"5215","33596","64",""
"5215","33597","65",""
"5215","33598","66",""
"5215","33599","69",""
"5215","33600","70",""
"5215","33601","70",""
"5215","33602","72",""
"5215","33603","74",""
"5215","33604","75",""
"5215","33605","77",""
"5215","33606","78",""
"5215","33607","79",""
"5215","33608","81",""
"5215","33609","82",""
"5215","34433","87",""
"5215","45949","87",""
"5215","34434","87",""
"5215","34435","88",""
"5215","3567","89",""
"5215","34436","91",""
"5215","33610","91",""
"5215","34437","95",""
"5215","34438","97",""
"5215","34439","97",""
"5215","34440","98",""
"5215","34441","99",""
"5215","34442","100",""
"5215","34443","101",""
"5215","34444","102",""
"5215","34445","104",""
"5215","34446","104",""
"5215","34447","106",""
"5215","33611","107",""
"5215","33612","109",""
"5215","33613","111",""
"5215","33614","113",""
"5215","33615","114",""
"5215","33616","115",""
"5215","33617","115",""
"5215","33618","116",""
"5215","33619","117",""
"5215","33620","118",""
"5215","33621","118",""
"5215","42931","171",""
"485","33783","8",""
"485","33784","10",""
"485","33785","11",""
"485","33787","11",""
"485","33788","13",""
"485","33789","13",""
"485","33790","15",""
"485","33791","18",""
"485","33793","2",""
"485","33794","3",""
"485","33796","6",""
"485","33797","8",""
"485","33798","10",""
"485","33799","12",""
"485","33800","13",""
"485","33801","14",""
"485","33802","15",""
"485","33803","18",""
"485","33804","18",""
"485","33805","21",""
"485","33806","21",""
"485","33807","22",""
"485","33808","23",""
"485","33809","23",""
"485","33810","24",""
"485","33811","25",""
"485","33812","26",""
"485","33813","27",""
"485","33814","28",""
"485","33815","29",""
"485","3659","30",""
"485","33816","31",""
"485","33817","36",""
"485","33818","39",""
"485","33819","40",""
"485","33820","41",""
"485","1855","42",""
"485","33821","2",""
"485","33822","3",""
"485","33823","4",""
"485","33824","5",""
"485","33825","6",""
"485","33826","8",""
"485","33827","8",""
"485","33828","9",""
"485","1856","11",""
"485","33829","11",""
"485","33830","12",""
"485","33831","13",""
"485","33832","14",""
"485","33833","14",""
"485","33834","17",""
"485","33835","18",""
"485","33836","19",""
"485","33837","21",""
"485","33838","22",""
"485","33839","23",""
"485","33840","25",""
"485","33841","26",""
"485","33722","-1","未發車"
"485","33723","-1","未發車"
"485","33724","-1","未發車"
"485","33725","-1","未發車"
"485","33726","-1","未發車"
"485","33727","-1","未發車"
"485","33728","-1","未發車"
"485","33729","-1","未發車"
"485","33730","-1","未發車"
"485","33731","-1","未發車"
"485","33732","-1","未發車"
"485","33733","-1","未發車"
"485","1854","2",""
"485","33734","3",""
"485","33735","4",""
"485","33736","4",""
"485","33737","6",""
"485","33738","6",""
"485","33739","8",""
"485","33740","9",""
"485","33741","9",""
"485","33742","10",""
"485","33743","11",""
"485","33744","14",""
"485","33745","15",""
"485","33746","16",""
"485","33747","16",""
"485","33748","20",""
"485","3658","21",""
"485","33749","22",""
"485","33750","24",""
"485","33751","24",""
"485","33752","26",""
"485","33753","26",""
"485","33754","27",""
"485","33755","28",""
"485","33756","29",""
"485","33757","30",""
"485","33758","31",""
"485","33759","32",""
"485","33760","33",""
"485","33761","1",""
"485","33762","3",""
"485","33763","5",""
"485","33764","6",""
"485","33765","7",""
"485","33766","9",""
"485","33767","13",""
"485","33768","14",""
"485","33770","16",""
"485","33771","17",""
"485","33773","25",""
"485","33774","28",""
"485","33775","30",""
"485","33776","31",""
"485","2248","31",""
"485","33777","2",""
"485","33778","2",""
"485","33779","4",""
"485","33780","5",""
"485","33781","5",""
"485","33782","6",""
"436","33280","30",""
"436","33281","32",""
"436","33282","35",""
"436","33283","4",""
"436","33284","7",""
"436","33285","8",""
"436","33286","9",""
"436","33287","9",""
"436","33288","11",""
"436","33289","12",""
"436","33290","15",""
"436","33291","19",""
"436","33292","20",""
"436","33293","20",""
"436","33294","23",""
"436","33295","23",""
"436","33296","26",""
"436","33297","26",""
"436","33298","2",""
"436","33299","3",""
"436","33300","5",""
"436","33301","8",""
"436","33302","9",""
"436","33303","10",""
"436","39392","11",""
"436","39391","1",""
"436","39389","5",""
"436","39387","5",""
"436","39386","-1","未發車"
"436","39388","-1","未發車"
"436","39390","-1","未發車"
"436","33250","-1","未發車"
"436","33251","-1","未發車"
"436","33252","-1","未發車"
"436","33253","-1","未發車"
"436","33254","-1","未發車"
"436","33255","-1","未發車"
"436","33256","-1","未發車"
"436","33257","-1","未發車"
"436","33258","-1","未發車"
"436","33259","-1","未發車"
"436","33260","3",""
"436","33261","3",""
"436","33262","3",""
"436","33263","4",""
"436","33264","6",""
"436","33265","7",""
"436","33266","9",""
"436","33267","10",""
"436","33268","10",""
"436","33269","11",""
"436","33270","12",""
"436","33271","12",""
"436","33272","15",""
"436","33273","18",""
"436","33274","19",""
"436","33275","20",""
"436","33276","23",""
"436","33277","25",""
"436","33278","26",""
"436","33279","29",""
"438","33385","-1","未發車"
"438","33386","-1","未發車"
"438","33387","-1","未發車"
"438","33388","-1","未發車"
"438","33389","-1","未發車"
"438","33390","-1","未發車"
"438","33391","-1","未發車"
"438","33392","-1","未發車"
"438","33393","-1","未發車"
"438","33394","-1","未發車"
"438","33395","-1","未發車"
"438","33396","-1","未發車"
"438","33397","-1","未發車"
"438","33398","-1","未發車"
"438","33399","-1","未發車"
"438","33400","-1","未發車"
"438","33401","-1","未發車"
"438","33402","-1","未發車"
"438","33403","-1","未發車"
"438","33404","2",""
"438","33405","3",""
"438","33406","5",""
"438","33407","7",""
"438","33408","1",""
"438","33409","3",""
"438","33410","4",""
"438","33411","5",""
"438","33412","8",""
"438","33413","9",""
"438","33414","1",""
"438","33415","2",""
"438","33416","5",""
"438","33417","6",""
"438","33418","7",""
"438","33419","2",""
"438","33420","3",""
"438","33421","7",""
"438","33422","12",""
"438","33423","3",""
"438","33424","6",""
"438","33425","1",""
"438","33426","4",""
"438","33427","5",""
"438","33428","6",""
"438","33429","7",""
"438","33430","9",""
"438","33431","10",""
"438","33432","11",""
"438","33433","12",""
"438","33434","13",""
"438","33435","13",""
"438","33436","14",""
"438","33437","16",""
"438","33438","18",""
"438","33439","19",""
"438","33440","2",""
"438","33441","2",""
"438","33442","3",""
"438","33443","4",""
"438","33444","5",""
"438","42934","61",""
"413","14001","-1","未發車"
"413","14002","-1","未發車"
"413","14003","-1","未發車"
"413","14004","-1","未發車"
"413","2383","-1","未發車"
"413","14005","-1","未發車"
"413","14006","-1","未發車"
"413","14007","-1","未發車"
"413","14008","-1","未發車"
"413","14009","-1","未發車"
"413","14010","-1","未發車"
"413","14011","-1","未發車"
"413","14012","-1","未發車"
"413","14013","-1","未發車"
"413","14014","1",""
"413","14015","2",""
"413","14016","3",""
"413","14017","5",""
"413","14018","7",""
"413","14019","8",""
"413","14020","9",""
"413","14021","10",""
"413","14022","11",""
"413","14023","12",""
"413","14024","13",""
"413","14025","13",""
"413","14026","14",""
"413","14027","15",""
"413","14028","15",""
"413","14029","17",""
"413","14030","20",""
"413","14031","21",""
"413","14032","22",""
"413","14033","23",""
"413","14034","24",""
"413","14035","4",""
"413","14036","5",""
"413","14037","7",""
"413","14038","8",""
"413","14039","9",""
"413","1547","11",""
"413","14040","11",""
"413","14041","12",""
"413","14042","14",""
"413","14043","15",""
"413","14044","15",""
"413","14045","16",""
"413","14046","17",""
"413","14047","18",""
"413","14048","20",""
"413","14049","21",""
"413","14050","21",""
"413","14051","22",""
"413","14052","23",""
"413","14053","24",""
"413","14054","25",""
"413","14055","26",""
"413","14056","26",""
"413","14057","26",""
"413","14058","1",""
"413","14059","2",""
"413","14060","4",""
"413","14061","7",""
"413","14062","9",""
"413","14063","10",""
"413","14064","10",""
"413","14065","11",""
"413","14066","12",""
"413","14067","19",""
"413","14068","21",""
"413","14069","22",""
"413","14070","23",""
"413","14071","25",""
"413","14072","26",""
"413","14073","27",""
"413","14074","3",""
"413","14075","3",""
"413","14076","4",""
"413","14077","6",""
"413","14078","7",""
"413","14079","8",""
"413","14080","9",""
"413","14081","13",""
"413","14082","16",""
"413","14083","23",""
"413","14084","25",""
"413","14085","25",""
"413","14086","26",""
"413","14087","27",""
"413","14088","28",""
"413","14089","29",""
"413","14090","30",""
"413","14091","31",""
"413","14092","32",""
"413","14093","35",""
"413","14094","36",""
"413","4138","36",""
"413","14095","37",""
"413","14096","38",""
"413","1541","39",""
"413","1542","40",""
"413","14097","42",""
"413","50576","1",""
"413","1548","5",""
"413","14100","7",""
"413","14101","8",""
"413","14102","9",""
"413","14103","9",""
"413","14104","13",""
"413","14105","14",""
"413","14106","14",""
"413","14107","16",""
"413","14108","18",""
"413","14109","19",""
"413","14110","20",""
"413","14111","21",""
"413","14112","1",""
"413","14113","2",""
"413","14114","3",""
"413","14115","4",""
"413","14116","6",""
"413","14117","6",""
"413","14118","7",""
"413","14119","7",""
"413","14120","8",""
"413","14121","9",""
"413","14122","10",""
"413","14123","11",""
"413","14124","13",""
"413","14125","14",""
"413","14126","14",""
"413","14127","15",""
"413","14128","17",""
"413","14129","19",""
"413","14130","23",""
"413","14131","24",""
"413","14132","25",""
"413","14133","27",""
"413","14134","27",""
"413","14135","4",""
"413","14136","5",""
"413","4139","6",""
"413","14137","7",""
"413","14138","8",""
"413","14139","8",""
"413","14140","8",""
"413","14141","10",""
"413","14142","11",""
"413","14143","12",""
"413","2384","12",""
"413","14144","13",""
"413","14145","14",""
"413","14146","16",""
"413","14147","19",""
"413","14148","20",""
"413","14149","22",""
"413","14150","22",""
"413","14151","23",""
"413","14152","24",""
"413","14153","24",""
"413","14154","24",""
"413","14155","1",""
"413","14156","1",""
"413","14157","2",""
"413","14158","2",""
"413","2385","3",""
"413","14159","4",""
"116","36255","252",""
"116","36256","252",""
"116","36257","252",""
"116","36258","252",""
"116","36259","252",""
"116","36260","252",""
"116","36261","252",""
"116","36262","252",""
"116","36263","252",""
"116","36264","252",""
"116","36265","252",""
"116","36266","252",""
"116","36267","252",""
"116","36268","252",""
"116","36269","252",""
"116","36270","252",""
"116","36271","252",""
"116","36272","252",""
"116","36273","252",""
"116","36274","252",""
"116","36275","252",""
"116","36276","252",""
"116","36277","252",""
"116","36278","251",""
"116","36279","252",""
"116","36280","252",""
"116","36281","252",""
"331","35724","11",""
"331","35725","13",""
"331","35726","15",""
"331","35727","16",""
"331","35728","18",""
"331","35729","19",""
"331","35730","21",""
"331","35731","22",""
"331","35732","24",""
"331","35733","25",""
"331","35734","25",""
"331","35735","26",""
"331","35736","27",""
"331","35737","30",""
"331","35738","1",""
"331","41247","4",""
"331","41245","7",""
"331","35739","10",""
"331","35740","12",""
"331","35741","12",""
"331","35742","13",""
"331","35743","13",""
"331","35744","14",""
"331","35745","15",""
"331","35746","16",""
"331","35747","17",""
"331","35748","18",""
"331","35749","19",""
"331","35750","20",""
"331","35751","21",""
"331","35752","21",""
"331","35753","22",""
"331","35754","23",""
"331","35755","23",""
"331","35756","24",""
"331","35757","24",""
"331","35758","25",""
"331","35759","25",""
"331","35760","26",""
"331","35761","26",""
"331","35762","27",""
"331","35763","27",""
"331","35764","28",""
"331","35683","-1","未發車"
"331","35684","-1","未發車"
"331","35685","-1","未發車"
"331","35686","-1","未發車"
"331","35687","-1","未發車"
"331","35688","-1","未發車"
"331","35689","-1","未發車"
"331","35690","-1","未發車"
"331","35691","-1","未發車"
"331","35692","-1","未發車"
"331","35693","-1","未發車"
"331","35694","-1","未發車"
"331","35695","-1","未發車"
"331","35696","-1","未發車"
"331","35697","-1","未發車"
"331","35698","-1","未發車"
"331","35699","-1","未發車"
"331","35700","1",""
"331","35701","2",""
"331","35702","3",""
"331","35703","4",""
"331","35704","5",""
"331","35705","6",""
"331","35706","7",""
"331","35707","7",""
"331","35708","8",""
"331","35709","9",""
"331","41244","12",""
"331","41246","15",""
"331","35710","18",""
"331","35711","20",""
"331","35712","21",""
"331","35713","22",""
"331","35714","23",""
"331","35715","24",""
"331","35716","26",""
"331","35717","28",""
"331","35718","2",""
"331","35719","3",""
"331","35720","3",""
"331","35721","5",""
"331","35722","6",""
"331","35723","9",""
"5164","37442","-1","未發車"
"5164","37443","-1","未發車"
"5164","37444","-1","未發車"
"5164","37445","-1","未發車"
"5164","37446","-1","未發車"
"5164","37447","-1","未發車"
"5164","37448","-1","未發車"
"5164","37449","-1","未發車"
"5164","37450","-1","未發車"
"5164","37451","-1","未發車"
"5164","37452","-1","未發車"
"5164","37453","-1","未發車"
"5164","37454","-1","未發車"
"5164","37455","-1","未發車"
"5164","37456","-1","未發車"
"5164","37457","-1","未發車"
