"RouteID","StationId","EstimateTime","Memo"
"113","4002","227",""
"113","4003","228",""
"113","4004","229",""
"113","4005","230",""
"113","4006","231",""
"113","4007","233",""
"113","4008","234",""
"113","4009","236",""
"113","4010","237",""
"113","4011","238",""
"113","4012","238",""
"113","4013","239",""
"113","4014","240",""
"113","4015","240",""
"113","4016","241",""
"113","4017","241",""
"113","4018","242",""
"113","4019","243",""
"113","4020","244",""
"113","4021","245",""
"113","4022","246",""
"113","4023","247",""
"113","4024","248",""
"113","4025","248",""
"113","4026","249",""
"113","4027","249",""
"113","4028","250",""
"113","4029","250",""
"113","4030","250",""
"113","4031","250",""
"113","38997","250",""
"113","4032","250",""
"113","4033","250",""
"113","4034","250",""
"113","4035","250",""
"113","4036","250",""
"113","4037","250",""
"113","4038","250",""
"113","4039","250",""
"113","4040","250",""
"113","4041","250",""
"113","4042","250",""
"113","4043","250",""
"113","4044","250",""
"113","4045","250",""
"113","4046","250",""
"113","4047","250",""
"113","39650","250",""
"113","4048","250",""
"113","4049","250",""
"113","4050","250",""
"113","4051","250",""
"113","4052","250",""
"113","4053","250",""
"113","4054","250",""
"113","4055","250",""
"113","4082","250",""
"113","4083","2",""
"113","4084","2",""
"113","4085","4",""
"113","4086","5",""
"113","4087","6",""
"113","4088","6",""
"113","4089","8",""
"113","4090","10",""
"113","4091","11",""
"113","4092","13",""
"113","4093","13",""
"113","4094","14",""
"113","4095","16",""
"113","4096","16",""
"113","4097","18",""
"113","4098","18",""
"113","4099","20",""
"113","4100","21",""
"113","4101","22",""
"113","4102","23",""
"113","4103","24",""
"113","4104","24",""
"113","38998","25",""
"113","4106","27",""
"113","4107","28",""
"113","4108","29",""
"113","4109","29",""
"113","4110","32",""
"113","4111","32",""
"113","4112","33",""
"113","4113","33",""
"113","4114","34",""
"113","4115","35",""
"113","4116","36",""
"113","4117","37",""
"113","4118","38",""
"113","4119","40",""
"113","4120","41",""
"113","4121","41",""
"113","4122","43",""
"113","4124","44",""
"113","4125","45",""
"113","4126","47",""
"113","4127","49",""
"113","4128","49",""
"113","4129","50",""
"113","4130","51",""
"113","4131","54",""
"113","4132","56",""
"113","4133","59",""
"113","4134","59",""
"113","4135","60",""
"113","43135","61",""
"131","42274","138",""
"131","0372","140",""
"131","0373","141",""
"131","0374","142",""
"131","0375","143",""
"131","0376","145",""
"131","0377","147",""
"131","0378","148",""
"131","0379","150",""
"131","0380","151",""
"131","0381","153",""
"131","0382","1",""
"131","0383","2",""
"131","0384","4",""
"131","0385","4",""
"131","0386","6",""
"131","0387","6",""
"131","0388","8",""
"131","42275","8",""
"131","0389","9",""
"131","0390","10",""
"131","0391","11",""
"131","0392","12",""
"131","0393","13",""
"131","0394","14",""
"131","0395","15",""
"131","41313","15",""
"131","0396","16",""
"131","41314","17",""
"131","0397","18",""
"131","0398","19",""
"131","0399","19",""
"131","0400","20",""
"131","0401","21",""
"131","0402","22",""
"131","0403","23",""
"131","42276","24",""
"131","0404","25",""
"131","0405","26",""
"131","0406","26",""
"131","0407","27",""
"131","0408","29",""
"131","0409","32",""
"131","0410","32",""
"131","0411","34",""
"131","0412","36",""
"131","0413","37",""
"131","0414","38",""
"131","0415","39",""
"131","0416","41",""
"131","0417","42",""
"131","0418","43",""
"131","0419","44",""
"131","0420","45",""
"141","6622","65",""
"141","6626","68",""
"141","6627","69",""
"141","6628","70",""
"141","6629","71",""
"141","6630","72",""
"141","6631","2",""
"141","6632","3",""
"141","6633","3",""
"141","6634","5",""
"141","6635","5",""
"141","6636","5",""
"141","6637","6",""
"141","6639","7",""
"141","0018","10",""
"141","6640","10",""
"141","6641","11",""
"141","6642","12",""
"141","6643","12",""
"141","6644","13",""
"141","6645","16",""
"141","6646","17",""
"141","6647","18",""
"141","6648","20",""
"141","6649","21",""
"141","6650","23",""
"141","6651","23",""
"141","6652","24",""
"141","0289","36",""
"141","6602","37",""
"141","6603","38",""
"141","6604","39",""
"141","6605","39",""
"141","6606","40",""
"141","0017","41",""
"141","6607","42",""
"141","6608","43",""
"141","6609","44",""
"141","6610","45",""
"141","6611","45",""
"141","6612","46",""
"141","6613","46",""
"141","6614","47",""
"141","6615","49",""
"141","6616","50",""
"141","6617","51",""
"141","6618","53",""
"141","6619","54",""
"141","6620","60",""
"141","6621","61",""
"211","1422","-1","未發車"
"211","1423","-1","未發車"
"211","1424","-1","未發車"
"211","1425","-1","未發車"
"211","1426","-1","未發車"
"211","1427","-1","未發車"
"211","1428","-1","未發車"
"211","1429","-1","未發車"
"211","1430","-1","未發車"
"211","1431","-1","未發車"
"211","1432","-1","未發車"
"211","1433","-1","未發車"
"211","1434","-1","未發車"
"211","1435","-1","未發車"
"211","1436","-1","未發車"
"211","1437","-1","未發車"
"211","1438","-1","未發車"
"211","1439","-1","未發車"
"211","1440","1",""
"211","1442","2",""
"211","1443","4",""
"211","1444","4",""
"211","1445","7",""
"211","1446","8",""
"211","1447","9",""
"211","1448","10",""
"211","1449","11",""
"211","1450","12",""
"211","1451","13",""
"211","1452","14",""
"211","1453","17",""
"211","1454","18",""
"211","1455","19",""
"211","1456","21",""
"211","1457","22",""
"211","1458","22",""
"211","1459","23",""
"211","1460","24",""
"211","1461","25",""
"211","1462","26",""
"211","1463","27",""
"211","1464","29",""
"211","1465","1",""
"211","1466","3",""
"211","1467","5",""
"211","1468","8",""
"211","1469","11",""
"211","1470","12",""
"211","1471","14",""
"211","1472","17",""
"211","1473","18",""
"211","1474","19",""
"211","1475","21",""
"211","1476","3",""
"211","1477","4",""
"211","1478","10",""
"211","1479","13",""
"211","1480","16",""
"211","50575","1",""
"211","50574","2",""
"211","1483","10",""
"211","1484","12",""
"211","1485","12",""
"211","1486","15",""
"211","1487","15",""
"211","1488","18",""
"211","1489","18",""
"211","1490","19",""
"211","1491","21",""
"211","1492","24",""
"211","1493","25",""
"211","1494","26",""
"211","1495","27",""
"211","1496","28",""
"211","1497","28",""
"211","1498","29",""
"211","1499","30",""
"211","1500","31",""
"211","1501","32",""
"211","1502","32",""
"211","39067","33",""
"211","1503","35",""
"211","1504","36",""
"211","1505","36",""
"211","1506","3",""
"211","1507","5",""
"211","1508","6",""
"211","1509","8",""
"211","1510","9",""
"211","1511","10",""
"211","1512","11",""
"211","1513","12",""
"211","1514","15",""
"211","1515","15",""
"211","1516","16",""
"211","1517","18",""
"211","1518","19",""
"211","1519","20",""
"211","1520","21",""
"211","1521","23",""
"211","1522","24",""
"211","1523","25",""
"211","1524","26",""
"211","1525","27",""
"211","1526","28",""
"211","1527","29",""
"211","1528","29",""
"211","1529","30",""
"211","1530","31",""
"211","1531","32",""
"211","1532","34",""
"211","1533","35",""
"211","1534","36",""
"211","1535","37",""
"211","1537","41",""
"211","1538","42",""
"5312","7451","-1","未發車"
"5312","7452","-1","未發車"
"5312","7453","-1","未發車"
"5312","7454","-1","未發車"
"5312","7455","-1","未發車"
"5312","7456","-1","未發車"
"5312","7457","-1","未發車"
"5312","7458","-1","未發車"
"5312","7459","-1","未發車"
"5312","7460","-1","未發車"
"5312","7461","-1","未發車"
"5312","7462","-1","未發車"
"5312","7463","-1","未發車"
"5312","7464","1",""
"5312","7465","2",""
"5312","7466","4",""
"5312","7467","4",""
"5312","7468","6",""
"5312","7469","7",""
"5312","7470","8",""
"5312","7471","10",""
"5312","7472","11",""
"5312","7473","13",""
"5312","7474","14",""
"5312","7475","16",""
"5312","7476","18",""
"5312","7477","21",""
"5312","7478","22",""
"5312","7479","22",""
"5312","7480","24",""
"5312","7481","25",""
"5312","7482","26",""
"5312","7483","1",""
"5312","7484","2",""
"5312","7485","2",""
"5312","7486","3",""
"5312","7487","4",""
"5230","2181","-1","未發車"
"5230","2182","-1","未發車"
"5230","3485","-1","未發車"
"5230","2183","-1","未發車"
"5230","2184","-1","未發車"
"5230","42388","-1","未發車"
"5230","2185","-1","未發車"
"5230","2186","-1","未發車"
"5230","40510","-1","未發車"
"5230","2187","-1","未發車"
"5230","2188","-1","未發車"
"5230","2189","2",""
"5230","2190","3",""
"5230","2191","3",""
"5230","2192","4",""
"5230","2193","4",""
"5230","2194","6",""
"5230","2195","7",""
"5230","2196","8",""
"5230","2197","9",""
"5230","2198","11",""
"5230","2199","11",""
"5230","2200","12",""
"5230","2201","13",""
"5230","2202","15",""
"5230","2203","17",""
"5230","2204","19",""
"5230","2205","21",""
"5230","2206","23",""
"5230","2207","27",""
"5230","2208","28",""
"5230","2209","28",""
"5230","2210","29",""
"5230","2211","29",""
"5230","2212","30",""
"5230","2213","30",""
"5230","2214","1",""
"5230","2215","2",""
"5230","2216","3",""
"5230","2217","3",""
"5230","2218","4",""
"5230","2219","5",""
"5230","2220","6",""
"5230","2221","7",""
"5230","40511","8",""
"5230","2222","9",""
"5230","2223","9",""
"5230","42389","10",""
"5230","2224","11",""
"5230","2225","11",""
"5230","2226","17",""
"5230","2227","18",""
"5230","3486","18",""
"226","10661","-1","未發車"
"226","10662","-1","未發車"
"226","10663","-1","未發車"
"226","10664","-1","未發車"
"226","10665","-1","未發車"
"226","10666","-1","未發車"
"226","10667","-1","未發車"
"226","10668","1",""
"226","10669","4",""
"226","10670","5",""
"226","10671","6",""
"226","10672","7",""
"226","10673","8",""
"226","10674","9",""
"226","10675","12",""
"226","10676","13",""
"226","10677","14",""
"226","41368","3",""
"226","41370","7",""
"226","10678","11",""
"226","10679","12",""
"226","10680","13",""
"226","10681","14",""
"226","10682","14",""
"226","10683","15",""
"226","10684","15",""
"226","10685","16",""
"226","10686","17",""
"226","10687","17",""
"226","10688","17",""
"226","10689","18",""
"226","10690","19",""
"226","10691","1",""
"226","10692","1",""
"226","10693","2",""
"226","10694","2",""
"226","10695","4",""
"226","10696","5",""
"226","10697","6",""
"226","10698","7",""
"226","10699","9",""
"226","10700","11",""
"226","10701","11",""
"226","10702","11",""
"226","10703","12",""
"226","10704","12",""
"226","10705","13",""
"226","10706","14",""
"226","10707","14",""
"226","10708","15",""
"226","10709","15",""
"226","10710","16",""
"226","10711","16",""
"226","10712","17",""
"226","10713","17",""
"226","10714","18",""
"226","10715","18",""
"226","10716","19",""
"226","41371","2",""
"226","41369","1",""
"226","10717","7",""
"226","10718","8",""
"226","10719","10",""
"226","10720","12",""
"226","10721","13",""
"226","10722","15",""
"226","10723","1",""
"226","10724","2",""
"226","10725","5",""
"226","10726","8",""
"226","10727","9",""
"226","10728","9",""
"226","10729","2",""
"226","10730","4",""
"226","10731","5",""
"226","10732","5",""
"190","14931","37",""
"190","14932","40",""
"190","14933","41",""
"190","14934","41",""
"190","14935","42",""
"190","14936","42",""
"190","0016","42",""
"190","14937","44",""
"190","14938","44",""
"190","14939","45",""
"190","14940","46",""
"190","14941","47",""
"190","14942","48",""
"190","14943","49",""
"190","14944","49",""
"190","14945","50",""
"190","14946","50",""
"190","14947","52",""
"190","14948","52",""
"190","14949","53",""
"190","14950","53",""
"190","14951","54",""
"190","14952","54",""
"190","1551","55",""
"190","14953","55",""
"190","14954","55",""
"190","14955","56",""
"190","14956","57",""
"190","14957","1",""
"190","14958","1",""
"190","14959","4",""
"190","14960","5",""
"190","1552","6",""
"190","14961","6",""
"190","14962","7",""
"190","14963","7",""
"190","14964","8",""
"190","14965","9",""
"190","14966","10",""
"190","14967","11",""
"190","14968","11",""
"190","14969","12",""
"190","14970","12",""
"190","14971","13",""
"190","14972","14",""
"190","14973","14",""
"190","14974","15",""
"190","14975","15",""
"190","14976","16",""
"190","14977","17",""
"190","4554","17",""
"190","14978","17",""
"190","14979","18",""
"190","14980","19",""
"190","14981","21",""
"190","14982","21",""
"190","14983","23",""
"190","14984","24",""
"190","14985","24",""
"190","14986","25",""
"190","14987","27",""
"190","14988","31",""
"190","14990","36",""
"190","41257","37",""
"190","14871","37",""
"190","14872","40",""
"190","14873","41",""
"190","14874","43",""
"190","14875","44",""
"190","14876","45",""
"190","14877","45",""
"190","14878","46",""
"190","14879","47",""
"190","14880","48",""
"190","14881","48",""
"190","14882","49",""
"190","14883","50",""
"190","4553","50",""
"190","14884","51",""
"190","14885","51",""
"190","14886","52",""
"190","14887","53",""
"190","14888","1",""
"190","14889","2",""
"190","14890","2",""
"190","14891","3",""
"190","14892","3",""
"190","14893","4",""
"190","14894","4",""
"190","14895","5",""
"190","14896","6",""
"190","14897","7",""
"190","14898","8",""
"190","14899","8",""
"190","14900","9",""
"190","1549","10",""
"190","14901","10",""
"190","14902","13",""
"190","14903","14",""
"190","14904","15",""
"190","14905","15",""
"190","14906","16",""
"190","14907","16",""
"190","14908","17",""
"190","1550","17",""
"190","14909","17",""
"190","14910","18",""
"190","14911","18",""
"190","14912","19",""
"190","14913","19",""
"190","14914","20",""
"190","14915","20",""
"190","14916","21",""
"190","14917","21",""
"190","14918","22",""
"190","14919","22",""
"190","14920","23",""
"190","14921","25",""
"190","14922","26",""
"190","14923","27",""
"190","14924","28",""
"190","14925","29",""
"190","0015","30",""
"190","14926","30",""
"190","14927","31",""
"190","14928","31",""
"190","14929","32",""
"190","14930","32",""
"5243","16431","97",""
"5243","16432","99",""
"5243","16433","101",""
"5243","16434","102",""
"5243","16435","103",""
"5243","16436","103",""
"5243","16437","104",""
"5243","16438","104",""
"5243","16439","105",""
"5243","16440","106",""
"5243","16441","106",""
"5243","16442","106",""
"5243","16443","107",""
"5243","16444","108",""
"5243","16445","109",""
"5243","16446","1",""
"5243","16447","2",""
"5243","2178","2",""
"5243","42329","3",""
"5243","2179","3",""
"5243","16448","4",""
"5243","16449","5",""
"5243","16450","6",""
"5243","16451","6",""
"5243","16452","7",""
"5243","16453","7",""
"5243","41292","7",""
"5243","16454","8",""
"5243","16455","8",""
"5243","16456","10",""
"5243","16457","11",""
"5243","16458","11",""
"5243","16459","12",""
"5243","16460","13",""
"5243","39467","14",""
"5243","16461","14",""
"5243","16462","15",""
"5243","16463","15",""
"5243","16464","16",""
"5243","16465","11",""
"5243","16466","12",""
"5243","16467","12",""
"5243","39468","13",""
"5243","16468","14",""
"5243","16469","15",""
"5243","16470","15",""
"5243","16471","15",""
"5243","16472","16",""
"5243","16473","17",""
"5243","16474","17",""
"5243","41293","18",""
"5243","16475","18",""
"5243","16476","19",""
"5243","16477","19",""
"5243","16478","20",""
"5243","16479","21",""
"5243","16480","21",""
"5243","2242","22",""
"5243","42330","24",""
"5243","2243","24",""
"5243","16481","26",""
"5243","16482","26",""
"5243","16483","27",""
"5243","16484","27",""
"5243","16485","28",""
"5243","16486","29",""
"5243","16487","30",""
"5243","16488","30",""
"5243","16489","32",""
"5243","16490","33",""
"5243","16491","33",""
"5243","16492","34",""
"5243","16493","34",""
"5243","16494","35",""
"5243","16495","35",""
"5243","16496","36",""
"5243","16497","37",""
"5243","16498","39",""
"5239","15791","2",""
"5239","15792","3",""
"5239","15793","5",""
"5239","0047","7",""
"5239","15794","7",""
"5239","15795","8",""
"5239","15796","9",""
"5239","15797","10",""
"5239","15798","11",""
"5239","0048","11",""
"5239","15799","12",""
"5239","15800","13",""
"5239","15801","15",""
"5239","15802","16",""
"5239","15803","16",""
"5239","15804","17",""
"5239","15805","19",""
"5239","42600","19",""
"5239","15806","20",""
"5239","15807","22",""
"5239","15808","22",""
"5239","15809","23",""
"5239","15810","24",""
"5239","15811","24",""
"5239","15812","25",""
"5239","15813","26",""
"5239","1936","26",""
"5239","15814","27",""
"5239","15815","27",""
"5239","15816","28",""
"5239","15817","28",""
"5239","15818","29",""
"5239","15819","31",""
"5239","15820","31",""
"5239","15821","31",""
"5239","15822","32",""
"5239","15823","32",""
"5239","15824","33",""
"5239","15825","34",""
"5239","15826","34",""
"5239","15827","37",""
"5239","15828","37",""
"5239","15829","37",""
"5239","15830","37",""
"5239","15831","38",""
"5239","15832","39",""
"5239","15833","39",""
"5239","15834","41",""
"5239","15835","41",""
"5239","15836","42",""
"5239","15837","43",""
"5239","15838","44",""
"5239","1937","44",""
"5239","15839","45",""
"5239","15840","45",""
"5239","15841","46",""
"5239","15842","47",""
"5239","15843","48",""
"5239","15844","48",""
"5239","15845","49",""
"5239","15846","50",""
"5239","15847","51",""
"5239","15848","53",""
"5239","15849","54",""
"5239","15850","55",""
"5239","15851","56",""
"5239","15852","57",""
"5239","15853","57",""
"5239","0049","59",""
"5239","15854","59",""
"5239","15855","60",""
"5239","15856","61",""
"5239","15857","62",""
"5239","15858","63",""
"5239","0050","63",""
"5239","15859","64",""
"5239","15860","67",""
"5239","15861","68",""
"5239","15862","70",""
"7005","22141","17",""
"7005","22142","17",""
"7005","22143","18",""
"7005","22144","18",""
"7005","22145","19",""
"7005","22146","19",""
"7005","22147","20",""
"8029","26101","77",""
"8029","26102","78",""
"8029","26103","80",""
"8029","26104","80",""
"8029","26105","81",""
"8029","26106","83",""
"8029","26107","84",""
"8029","26108","85",""
"8029","26109","86",""
"8029","26110","87",""
"8029","26111","89",""
"8031","26171","157",""
"8031","26172","157",""
"8031","26173","158",""
"8031","26174","158",""
"8031","26175","159",""
"8031","26176","159",""
"8031","26177","160",""
"8031","26178","160",""
"8031","26179","161",""
"8031","26180","161",""
"8031","26181","162",""
"8031","26184","162",""
"8031","26183","163",""
"8031","26185","163",""
"8031","26187","164",""
"8031","26190","164",""
"8031","26191","165",""
"8031","26192","165",""
"8031","26193","166",""
"8031","26194","166",""
"8031","26195","167",""
"8031","26196","167",""
"8031","26197","168",""
"8031","26198","168",""
"8031","26199","169",""
"8031","26200","169",""
"8031","26201","170",""
"8031","26202","170",""
"8031","26203","171",""
"2035","27511","18",""
"2035","27512","19",""
"2035","27513","25",""
"2035","27514","28",""
"2035","27515","34",""
"2035","27516","37",""
"1040","29781","250",""
"1040","29782","250",""
"1040","29783","250",""
"1040","29784","250",""
"1040","29785","250",""
"1040","29786","250",""
"1040","29787","250",""
"1075","32022","68",""
"1075","32023","69",""
"1075","32024","71",""
"1075","32025","73",""
"1075","32026","75",""
"1075","32027","76",""
"1075","32028","76",""
"1075","32029","77",""
"1075","32030","78",""
"1075","32031","81",""
"1075","32032","82",""
"1075","32033","82",""
"1075","32034","82",""
"1075","32035","83",""
"1075","32036","84",""
"1075","32037","84",""
"1075","32038","87",""
"1075","32039","89",""
"1075","32040","93",""
"1075","32041","94",""
"1075","41054","95",""
"1075","41053","96",""
"1075","32042","99",""
"1075","41055","100",""
"1075","32043","101",""
"1075","32044","103",""
"1075","32045","105",""
"1075","32046","106",""
"1075","32047","107",""
"1075","32048","110",""
"1075","32049","110",""
"1075","32050","111",""
"1075","32051","111",""
"1075","32052","112",""
"1075","32053","113",""
"1075","32054","113",""
"1075","32055","114",""
"1075","32056","114",""
"1075","41684","114",""
"1075","41685","115",""
"1075","41686","116",""
"1075","32059","120",""
"1075","32060","122",""
"1075","32061","123",""
"1075","32062","123",""
"1075","32063","123",""
"1075","32064","124",""
"1075","32065","124",""
"1075","32066","126",""
"1075","32067","129",""
"1075","32068","130",""
"1075","32069","130",""
"1075","32070","131",""
"1075","32071","134",""
"1075","32072","137",""
"1075","32073","140",""
"1075","32074","141",""
"1075","32075","143",""
"5623","42685","27",""
"5623","7164","30",""
"5623","7165","31",""
"5623","7166","35",""
"5623","7167","38",""
"5623","7168","38",""
"5623","7169","39",""
"5623","41254","41",""
"5623","7170","45",""
"5623","7171","45",""
"5623","7172","46",""
"5623","7173","49",""
"5623","7174","52",""
"2008","22641","22",""
"2008","22642","23",""
"2008","22643","24",""
"2008","22644","25",""
"2008","22645","25",""
"2008","22646","26",""
"2008","22647","27",""
"2008","22648","27",""
"2008","22649","29",""
"2008","22650","29",""
"2008","22651","30",""
"2008","22652","30",""
"2008","22653","31",""
"2008","22654","33",""
"2008","22655","33",""
"2008","22656","34",""
"2008","22657","34",""
"2008","22658","34",""
"2008","22659","35",""
"2008","22660","36",""
"2008","22661","37",""
"2008","22662","37",""
"2008","22663","38",""
"2008","22664","38",""
"2008","22665","38",""
"2008","22666","39",""
"2008","22667","39",""
"2008","22668","40",""
"2008","22669","40",""
"2008","22670","41",""
"2008","22671","42",""
"2008","22672","42",""
"2008","22673","43",""
"2008","22674","44",""
"2008","22675","45",""
"2008","22676","46",""
"2008","22677","47",""
"2008","22678","49",""
"2008","22679","50",""
"2008","22680","50",""
"2008","22681","51",""
"2008","22682","52",""
"2008","22683","53",""
"2008","22684","54",""
"2008","22685","54",""
"2008","22686","56",""
"2008","22687","56",""
"2008","22688","57",""
"2008","22689","57",""
"2008","22690","58",""
"2008","22691","59",""
"2008","22692","59",""
"2008","22693","61",""
"9020","28011","57",""
"9020","28012","57",""
"9020","28013","59",""
"9020","28014","61",""
"9020","28015","62",""
"9020","28016","64",""
"9020","28017","69",""
"9020","28018","70",""
"9020","28019","75",""
"9020","28020","76",""
"9020","28021","78",""
"9020","28022","79",""
"9020","28023","80",""
"9020","28024","80",""
"9020","28025","81",""
"9020","28026","82",""
"9020","28027","83",""
"9020","28028","87",""
"9020","28029","87",""
"6014","27231","250",""
"6014","27232","250",""
"6014","27233","250",""
"6014","27234","250",""
"6014","27235","250",""
"6014","27236","250",""
"6014","27237","250",""
"6014","27238","250",""
"6014","27239","250",""
"6029","30381","37",""
"6029","30382","38",""
"6029","30383","41",""
"6029","30384","43",""
"6029","30385","45",""
"6029","30386","46",""
"6029","30387","47",""
"6029","30388","48",""
"6029","30389","49",""
"6029","30390","50",""
"6029","30391","53",""
"6029","30392","56",""
"6029","30393","59",""
"6029","30394","60",""
"6029","30395","61",""
"6029","30396","62",""
"6029","30397","63",""
"6029","30398","63",""
"6029","30399","64",""
"6029","30400","65",""
"6029","30401","65",""
"6029","30402","69",""
"6029","30403","2",""
"6029","30404","4",""
"6029","30405","9",""
"6029","30406","9",""
"6029","30407","10",""
"6029","30408","13",""
"6029","30409","13",""
"6029","30410","15",""
"6029","30411","15",""
"6029","30412","16",""
"6029","30413","16",""
"803","11921","-1","未發車"
"803","11922","-1","未發車"
"803","11923","-1","未發車"
"803","11924","-1","未發車"
"803","11925","-1","未發車"
"803","11926","-1","未發車"
"803","11927","-1","未發車"
"803","11928","-1","未發車"
"803","11929","-1","未發車"
"803","11930","-1","未發車"
"803","11931","-1","未發車"
"803","11932","-1","未發車"
"803","11933","-1","未發車"
"803","11934","-1","未發車"
"803","11935","-1","未發車"
"803","11936","-1","未發車"
"803","11937","-1","未發車"
"803","11938","2",""
"803","11939","3",""
"803","11940","3",""
"803","11941","4",""
"803","11942","6",""
"803","11943","7",""
"803","11944","7",""
"803","11945","8",""
"803","11946","10",""
"803","11947","11",""
"803","11948","11",""
"803","11949","13",""
"803","11950","13",""
"803","11951","14",""
"803","11952","14",""
"803","11953","17",""
"803","11954","18",""
"803","11955","18",""
"803","11956","18",""
"803","11957","18",""
"803","11958","19",""
"803","11959","21",""
"803","1153","21",""
"803","11960","22",""
"803","11961","23",""
"803","11962","24",""
"803","11963","25",""
"803","11964","25",""
"803","11965","26",""
"803","11966","27",""
"803","11967","28",""
"803","11968","31",""
"803","11969","32",""
"803","11970","33",""
"803","11971","33",""
"803","11972","35",""
"803","11973","36",""
"803","11974","38",""
"803","11975","38",""
"803","11976","39",""
"803","11977","40",""
"803","11978","40",""
"803","11979","43",""
"803","11980","44",""
"803","11981","45",""
"803","11982","46",""
"803","11983","47",""
"803","11984","48",""
"803","11985","49",""
"803","11986","50",""
"803","11987","1",""
"803","11988","3",""
"803","11989","5",""
"803","11990","6",""
"803","11991","7",""
"803","11992","8",""
"803","11993","8",""
"5663","21555","17",""
"5663","21556","18",""
"5663","21557","18",""
"5663","21558","20",""
"5663","21559","20",""
"5663","21560","21",""
"5663","21561","21",""
"5663","21562","22",""
"5663","21563","22",""
"5663","21564","24",""
"5663","21565","27",""
"5663","21566","29",""
"5663","21567","30",""
"5663","21568","31",""
"5663","21569","32",""
"5663","21570","34",""
"5663","21571","35",""
"5663","21572","35",""
"5663","21573","36",""
"5663","21574","38",""
"5663","21578","38",""
"5663","21579","39",""
"5663","21580","39",""
"5663","21581","40",""
"5663","21582","40",""
"5663","21583","42",""
"5663","21584","44",""
"5663","21585","44",""
"5663","21586","45",""
"5663","21587","45",""
"5663","21588","46",""
"5663","21589","47",""
"5663","21590","48",""
"5663","21591","49",""
"5663","21592","49",""
"5663","21593","51",""
"5663","21594","51",""
"5663","21595","52",""
"5663","40541","52",""
"5663","21596","53",""
"5663","21597","54",""
"5663","21598","55",""
"5663","21599","55",""
"5663","21600","56",""
"5663","21601","56",""
"5663","21602","57",""
"5663","21603","57",""
"5663","21604","58",""
"5663","21605","62",""
"5663","21606","65",""
"5663","21607","66",""
"5663","21608","68",""
"5663","21609","70",""
"5663","21610","71",""
"5663","21611","72",""
"5663","21612","73",""
"5663","21613","74",""
"5663","21614","75",""
"5663","21615","76",""
"5663","21616","77",""
"5663","21617","78",""
"5663","21494","7",""
"5663","21495","7",""
"5663","21496","8",""
"5663","21497","10",""
"5663","21498","10",""
"5663","21499","12",""
"5663","21500","13",""
"5663","21501","19",""
"5663","21502","20",""
"5663","21503","23",""
"5663","21504","24",""
"5663","21505","25",""
"5663","21506","26",""
"5663","21507","26",""
"5663","21508","27",""
"5663","21509","27",""
"5663","21510","28",""
"5663","21511","28",""
"5663","40540","29",""
"5663","21512","30",""
"5663","21513","32",""
"5663","21514","33",""
"5663","21515","34",""
"5663","21516","36",""
"5663","21517","38",""
"5663","21518","40",""
"5663","21519","41",""
"5663","21520","42",""
"5663","21521","43",""
"5663","21522","43",""
"5663","21523","44",""
"5663","21524","44",""
"5663","21525","47",""
"5663","21526","47",""
"5663","21527","47",""
"5663","21528","50",""
"5663","21529","50",""
"5663","39619","50",""
"5663","21530","51",""
"5663","21531","52",""
"5663","21535","1",""
"5663","21536","1",""
"5663","21537","2",""
"5663","21538","2",""
"5663","21539","3",""
"5663","21540","3",""
"5663","21541","4",""
"5663","21542","4",""
"5663","21543","5",""
"5663","21544","5",""
"5663","21545","7",""
"5663","21546","7",""
"5663","21547","7",""
"5663","21548","8",""
"5663","21549","8",""
"5663","21550","9",""
"5663","21551","10",""
"5663","21552","10",""
"5663","21553","11",""
"5663","21554","11",""
"127","12451","16",""
"127","12452","17",""
"127","12453","19",""
"127","12454","20",""
"127","12455","22",""
"127","12456","22",""
"127","12457","23",""
"127","12458","24",""
"127","12459","25",""
"127","12460","26",""
"127","12461","28",""
"127","12462","28",""
"127","12463","2",""
"127","12464","2",""
"127","12465","3",""
"127","12466","4",""
"127","12467","5",""
"127","12468","6",""
"127","12469","6",""
"127","12470","7",""
"127","12471","8",""
"127","12472","8",""
"127","12473","9",""
"127","12474","10",""
"127","12475","11",""
"127","12476","11",""
"127","12477","12",""
"127","12478","13",""
"127","12479","14",""
"127","12480","14",""
"127","12481","15",""
"127","12482","16",""
"127","12483","16",""
"127","12484","16",""
"127","12485","17",""
"127","12486","18",""
"127","12487","18",""
"127","12488","19",""
"127","12489","20",""
"127","12490","20",""
"127","12491","20",""
"127","12492","21",""
"127","12493","21",""
"127","12494","22",""
"127","12495","23",""
"127","12496","24",""
"127","12497","25",""
"127","12498","25",""
"127","12499","26",""
"127","12500","26",""
"127","12501","26",""
"127","12502","27",""
"127","12503","29",""
"127","12504","30",""
"127","12505","31",""
"127","12506","33",""
"127","12507","34",""
"127","12508","34",""
"127","12509","35",""
"127","12510","35",""
"127","12511","37",""
"127","12512","37",""
"127","12513","38",""
"127","12514","39",""
"127","12515","40",""
"127","12516","40",""
"127","12517","41",""
"127","12518","41",""
"127","12519","42",""
"127","12520","43",""
"127","12521","44",""
"127","12522","44",""
"127","12523","44",""
"127","12524","45",""
"127","12525","46",""
"127","12526","47",""
"127","12527","47",""
"127","12528","48",""
"127","12529","48",""
"127","12530","50",""
"127","12531","50",""
"127","12532","51",""
"127","12533","52",""
"127","12534","53",""
"127","12535","53",""
"127","12536","54",""
"127","12537","55",""
"128","19482","250",""
"128","19483","250",""
"128","19484","250",""
"128","19485","250",""
"128","19486","250",""
"128","19487","250",""
"128","19488","250",""
"128","19489","250",""
"128","19490","250",""
"128","19491","250",""
"128","19492","250",""
"128","19493","250",""
"128","19494","250",""
"128","19495","250",""
"128","19496","250",""
"128","19497","250",""
"128","19498","250",""
"128","19499","250",""
"128","19500","250",""
"128","19501","250",""
"128","19502","250",""
"128","19503","250",""
"128","19504","250",""
"128","19505","250",""
"128","19506","250",""
"128","19507","250",""
"128","19508","250",""
"128","19509","250",""
"128","19510","250",""
"128","19511","250",""
"128","19512","250",""
"128","19513","250",""
"128","19514","250",""
"128","19515","250",""
"128","19516","250",""
"128","19517","250",""
"128","19518","250",""
"128","19519","250",""
"128","19520","250",""
"128","19521","250",""
"128","19522","250",""
"128","19523","250",""
"128","19524","250",""
"128","19525","250",""
"128","19526","250",""
"128","19527","250",""
"128","19528","250",""
"128","19529","250",""
"128","19530","250",""
"128","19531","250",""
"128","19532","250",""
"128","19533","250",""
"128","19534","250",""
"128","19535","250",""
"128","19536","250",""
"128","19537","250",""
"128","19538","250",""
"128","19539","250",""
"128","19540","250",""
"128","19541","250",""
"128","19542","250",""
"128","19543","250",""
"128","19544","250",""
"128","19545","250",""
"128","19546","250",""
"128","19547","250",""
"128","19548","250",""
"128","19549","250",""
"128","19550","250",""
"482","32451","14",""
"482","32452","15",""
"482","32453","16",""
"482","32454","17",""
"482","32455","18",""
"482","1160","19",""
"482","32456","19",""
"482","32457","24",""
"482","32458","26",""
"482","32459","29",""
"482","32460","31",""
"482","32461","34",""
"482","32462","36",""
"482","32463","39",""
"482","32464","41",""
"482","32465","41",""
"482","32466","42",""
"482","32467","42",""
"482","32468","44",""
"482","32469","44",""
"482","32470","45",""
"482","32471","46",""
"482","32472","47",""
"482","32473","48",""
"482","32474","49",""
"482","32475","50",""
"482","32476","51",""
"482","32477","52",""
"482","32478","53",""
"482","32479","54",""
"482","32480","54",""
"482","32481","55",""
"482","32482","2",""
"482","32483","3",""
"482","32484","5",""
"482","32485","6",""
"482","32486","6",""
"482","32487","6",""
"482","32488","8",""
"482","32489","8",""
"482","32490","9",""
"482","32491","9",""
"482","32492","10",""
"482","32493","10",""
"482","32494","11",""
"482","32495","12",""
"482","32406","17",""
"482","32407","17",""
"482","32408","17",""
"482","32409","18",""
"482","32410","19",""
"482","32411","19",""
"482","32412","21",""
"482","32413","22",""
"482","32414","23",""
"482","32415","25",""
"482","32416","25",""
"482","32417","26",""
"482","32418","28",""
"482","32419","29",""
"482","32420","31",""
"482","32421","31",""
"482","32422","32",""
"482","32423","33",""
"482","32424","33",""
"482","32425","35",""
"482","32426","36",""
"482","32427","37",""
"482","32428","39",""
"482","32429","1",""
"482","32430","4",""
"482","32431","5",""
"482","32432","6",""
"482","32433","8",""
"482","32434","8",""
"482","32435","9",""
"482","32436","12",""
"482","32437","14",""
"482","32438","17",""
"482","32439","19",""
"482","32440","22",""
"482","32441","24",""
"482","32442","28",""
"482","32443","30",""
"482","32444","32",""
"482","32445","4",""
"482","32446","4",""
"482","32447","6",""
"482","32448","7",""
"482","32449","9",""
"482","32450","10",""
"157","33126","8",""
"157","33127","9",""
"157","33128","10",""
"157","33129","11",""
"157","33130","13",""
"157","33131","14",""
"157","33132","2",""
"157","33133","4",""
"157","33134","6",""
"157","33135","9",""
"157","33136","11",""
"157","2249","11",""
"157","33137","13",""
"157","33138","14",""
"157","33139","17",""
"157","33140","1",""
"157","33141","4",""
"157","33142","4",""
"157","33143","4",""
"157","33144","4",""
"157","33145","7",""
"157","33146","8",""
"157","33147","9",""
"157","33148","10",""
"157","33149","12",""
"157","33150","13",""
"157","33151","15",""
"157","33152","2",""
"157","33153","4",""
"157","33154","5",""
"157","33155","7",""
"157","33156","8",""
"157","33157","10",""
"157","33158","11",""
"157","33159","13",""
"157","33160","14",""
"157","33161","15",""
"157","33162","19",""
"157","33163","21",""
"157","33164","2",""
"157","33165","6",""
"157","42935","1",""
"157","33087","-1","未發車"
"157","33088","-1","未發車"
"157","33089","-1","未發車"
"157","33090","-1","未發車"
"157","33091","-1","未發車"
"157","33092","-1","未發車"
"157","33093","-1","未發車"
"157","33094","3",""
"157","33095","4",""
"157","33096","5",""
"157","33097","7",""
"157","33098","9",""
"157","33099","10",""
"157","33100","12",""
"157","33101","13",""
"157","39649","14",""
"157","33102","14",""
"157","33103","15",""
"157","33104","2",""
"157","33105","3",""
"157","33106","4",""
"157","33107","5",""
"157","33108","8",""
"157","33109","1",""
"157","33110","4",""
"157","33111","6",""
"157","33112","9",""
"157","33113","10",""
"157","33114","13",""
"157","33115","13",""
"157","33116","14",""
"157","33117","16",""
"157","33118","18",""
"157","33119","2",""
"157","33120","3",""
"157","33121","5",""
"157","33122","8",""
"157","33123","2",""
"157","33124","3",""
"157","33125","5",""
"5410","33455","2",""
"5410","33456","3",""
"5410","33457","4",""
"5410","33458","6",""
"5410","33459","7",""
"5410","33460","8",""
"5410","33461","10",""
"5410","33462","11",""
"5410","33463","12",""
"5410","33464","14",""
"5410","33465","15",""
"5410","33466","16",""
"5410","33467","17",""
"5410","33468","17",""
"5410","33469","18",""
"5410","33470","18",""
"5410","33471","19",""
"5410","33472","19",""
"5410","33473","20",""
"5410","33474","21",""
"5410","38976","21",""
"5410","33475","22",""
"5410","1372","22",""
"5410","1373","22",""
"5410","1374","23",""
"5410","1375","24",""
"5410","1376","24",""
"5410","1377","25",""
"5410","1378","25",""
"5410","1379","27",""
"5410","1380","27",""
"5410","1381","28",""
"5410","1382","28",""
"5410","1383","29",""
"5410","38981","29",""
"5410","1384","30",""
"5410","38978","30",""
"5410","33476","30",""
"5410","33477","31",""
"5410","33478","32",""
"5410","33479","33",""
"5410","33480","34",""
"5410","33481","34",""
"5410","33482","34",""
"5410","33483","35",""
"5410","55858","36",""
"5410","33484","36",""
"5410","33485","37",""
"5410","33486","39",""
"5410","33487","39",""
"5410","33488","40",""
"5410","33489","42",""
"5410","33491","42",""
"5410","33492","43",""
"5410","33493","44",""
"5410","33494","45",""
"5410","33495","46",""
"5410","33496","48",""
"5410","33497","51",""
"5410","33498","54",""
"5410","33499","55",""
"5410","33500","57",""
"5410","33501","58",""
"5410","33502","59",""
"5410","33503","61",""
"5410","33504","63",""
"5410","33505","64",""
"5410","33506","67",""
"5410","33507","69",""
"5410","33508","70",""
"5410","33509","71",""
"5410","33510","72",""
"5410","33511","73",""
"5410","33512","74",""
"5410","33515","76",""
"5410","33516","2",""
"5410","33517","3",""
"5410","33518","3",""
"5410","33519","4",""
"5410","55859","4",""
"5410","33520","5",""
"5410","33521","7",""
"5410","33522","7",""
"5410","33523","7",""
"5410","33524","8",""
"5410","33525","9",""
"5410","33526","9",""
"5410","33527","10",""
"5410","38979","10",""
"5410","1385","10",""
"5410","1386","11",""
"5410","1387","11",""
"5410","1388","12",""
"5410","1389","12",""
"5410","1390","13",""
"5410","1391","14",""
"5410","1394","14",""
"5410","1395","17",""
"5410","1396","18",""
"5410","1397","19",""
"5410","1398","19",""
"5410","1399","20",""
"5410","38982","21",""
"5410","33528","21",""
"5410","38977","21",""
"5410","33529","22",""
"5410","33530","23",""
"5410","33531","24",""
"5410","33532","25",""
"5410","33533","26",""
"5410","33534","26",""
"5410","33535","26",""
"5410","33536","27",""
"5410","33537","28",""
"5410","33538","29",""
"5410","33539","30",""
"5410","33540","32",""
"5410","33541","33",""
"5410","33542","35",""
"5410","33543","37",""
"5410","33544","38",""
"5410","33545","39",""
"5410","33546","40",""
"5410","33547","42",""
"5215","33559","47",""
"5215","33560","47",""
"5215","33561","48",""
"5215","33562","49",""
"5215","33563","50",""
"5215","33564","50",""
"5215","33565","50",""
"5215","33566","51",""
"5215","33567","54",""
"5215","34431","55",""
"5215","33568","57",""
"5215","33569","60",""
"5215","33570","61",""
"5215","33571","62",""
"5215","33572","63",""
"5215","33573","64",""
"5215","33574","65",""
"5215","33575","66",""
"5215","33576","67",""
"5215","33577","69",""
"5215","33578","72",""
"5215","33579","73",""
"5215","33580","75",""
"5215","33581","76",""
"5215","34432","77",""
"5215","33582","77",""
"5215","33583","78",""
"5215","3566","78",""
"5215","33584","79",""
"5215","33585","79",""
"5215","45948","80",""
"5215","33586","80",""
"5215","33587","85",""
"5215","33588","88",""
"5215","33589","89",""
"5215","33590","89",""
"5215","33591","90",""
"5215","33592","91",""
"5215","33593","93",""
"5215","33594","94",""
"5215","33595","95",""
"5215","33596","97",""
"5215","33597","97",""
"5215","33598","98",""
"5215","33599","100",""
"5215","33600","102",""
"5215","33601","102",""
"5215","33602","104",""
"5215","33603","106",""
"5215","33604","107",""
"5215","33605","108",""
"5215","33606","110",""
"5215","33607","111",""
"5215","33608","112",""
"5215","33609","113",""
"5215","34433","2",""
"5215","45949","2",""
"5215","34434","3",""
"5215","34435","3",""
"5215","3567","5",""
"5215","34436","5",""
"5215","33610","6",""
"5215","34437","8",""
"5215","34438","11",""
"5215","34439","11",""
"5215","34440","12",""
"5215","34441","13",""
"5215","34442","13",""
"5215","34443","15",""
"5215","34444","16",""
"5215","34445","20",""
"5215","34446","20",""
"5215","34447","22",""
"5215","33611","23",""
"5215","33612","25",""
"5215","33613","26",""
"5215","33614","32",""
"5215","33615","34",""
"5215","33616","35",""
"5215","33617","35",""
"5215","33618","1",""
"5215","33619","2",""
"5215","33620","2",""
"5215","33621","2",""
"5215","42931","3",""
"485","33722","17",""
"485","42973","17",""
"485","33723","17",""
"485","33724","19",""
"485","33725","20",""
"485","33726","20",""
"485","33727","21",""
"485","33728","23",""
"485","33729","26",""
"485","33730","26",""
"485","33731","28",""
"485","33732","4",""
"485","33733","5",""
"485","1854","6",""
"485","33734","7",""
"485","33735","8",""
"485","33736","8",""
"485","33737","10",""
"485","33738","10",""
"485","33739","12",""
"485","33740","13",""
"485","33741","13",""
"485","33742","14",""
"485","33743","15",""
"485","33744","17",""
"485","33745","18",""
"485","33746","19",""
"485","33747","20",""
"485","33748","26",""
"485","3658","27",""
"485","33749","28",""
"485","33750","30",""
"485","33751","30",""
"485","33752","2",""
"485","33753","3",""
"485","33754","4",""
"485","33755","5",""
"485","33756","5",""
"485","33757","6",""
"485","33758","6",""
"485","33759","7",""
"485","33760","8",""
"485","33761","9",""
"485","33762","10",""
"485","33763","12",""
"485","33764","14",""
"485","33765","16",""
"485","33766","18",""
"485","33767","21",""
"485","33768","23",""
"485","33770","24",""
"485","33771","26",""
"485","33773","29",""
"485","33774","1",""
"485","33775","3",""
"485","33776","4",""
"485","2248","5",""
"485","33777","7",""
"485","33778","7",""
"485","33779","8",""
"485","33780","9",""
"485","33781","9",""
"485","33782","10",""
"485","33783","12",""
"485","33784","14",""
"485","33785","15",""
"485","33787","15",""
"485","33788","15",""
"485","33789","16",""
"485","33790","18",""
"485","33791","21",""
"485","33793","24",""
"485","33794","25",""
"485","33796","27",""
"485","33797","28",""
"485","33798","30",""
"485","33799","31",""
"485","33800","33",""
"485","33801","34",""
"485","33802","2",""
"485","33803","5",""
"485","33804","5",""
"485","33805","7",""
"485","33806","9",""
"485","33807","9",""
"485","33808","10",""
"485","33809","11",""
"485","33810","12",""
"485","33811","13",""
"485","33812","14",""
"485","33813","15",""
"485","33814","15",""
"485","33815","16",""
"485","3659","18",""
"485","33816","19",""
"485","33817","23",""
"485","33818","26",""
"485","33819","27",""
"485","33820","28",""
"485","1855","29",""
"485","33821","31",""
"485","33822","31",""
"485","33823","32",""
"485","33824","33",""
"485","33825","34",""
"485","33826","36",""
"485","33827","36",""
"485","33828","37",""
"485","1856","38",""
"485","33829","39",""
"485","33830","39",""
"485","33831","1",""
"485","33832","2",""
"485","33833","3",""
"485","33834","4",""
"485","33835","6",""
"485","33836","7",""
"485","33837","9",""
"485","33838","10",""
"485","33839","12",""
"485","33840","12",""
"485","42974","13",""
"485","33841","13",""
"436","39386","-1","未發車"
"436","39388","-1","未發車"
"436","39390","-1","未發車"
"436","33250","-1","未發車"
"436","33251","-1","未發車"
"436","33252","-1","未發車"
"436","33253","-1","未發車"
"436","33254","3",""
"436","33255","4",""
"436","33256","6",""
"436","33257","8",""
"436","33258","9",""
"436","33259","12",""
"436","33260","15",""
"436","33261","16",""
"436","33262","17",""
"436","33263","18",""
"436","33264","1",""
"436","33265","2",""
"436","33266","4",""
"436","33267","5",""
"436","33268","6",""
"436","33269","7",""
"436","33270","8",""
"436","33271","8",""
"436","33272","2",""
"436","33273","5",""
"436","33274","7",""
"436","33275","8",""
"436","33276","11",""
"436","33277","13",""
"436","33278","15",""
"436","33279","17",""
"436","33280","18",""
"436","33281","20",""
"436","33282","21",""
"436","33283","23",""
"436","33284","26",""
"436","33285","1",""
"436","33286","2",""
"436","33287","2",""
"436","33288","4",""
"436","33289","4",""
"436","33290","6",""
"436","33291","8",""
"436","33292","9",""
"436","33293","10",""
"436","33294","12",""
"436","33295","12",""
"436","33296","14",""
"436","33297","15",""
"436","33298","16",""
"436","33299","17",""
"436","33300","18",""
"436","33301","21",""
"436","33302","21",""
"436","33303","22",""
"436","39392","23",""
"436","39391","24",""
"436","39389","25",""
"436","39387","26",""
"438","33385","-1","未發車"
"438","33386","-1","未發車"
"438","33387","-1","未發車"
"438","33388","-1","未發車"
"438","33389","-1","未發車"
"438","33390","-1","未發車"
"438","33391","-1","未發車"
"438","33392","-1","未發車"
"438","33393","1",""
"438","33394","2",""
"438","33395","2",""
"438","33396","3",""
"438","33397","4",""
"438","33398","5",""
"438","33399","5",""
"438","33400","6",""
"438","33401","7",""
"438","33402","9",""
"438","33403","10",""
"438","33404","12",""
"438","33405","13",""
"438","33406","15",""
"438","33407","18",""
"438","33408","21",""
"438","33409","23",""
"438","33410","23",""
"438","33411","24",""
"438","33412","26",""
"438","33413","1",""
"438","33414","2",""
"438","33415","3",""
"438","33416","6",""
"438","33417","7",""
"438","33418","8",""
"438","33419","11",""
"438","33420","2",""
"438","33421","3",""
"438","33422","7",""
"438","33423","10",""
"438","33424","1",""
"438","33425","2",""
"438","33426","3",""
"438","33427","4",""
"438","33428","5",""
"438","33429","6",""
"438","33430","8",""
"438","33431","9",""
"438","33432","10",""
"438","33433","11",""
"438","33434","12",""
"438","33435","12",""
"438","33436","13",""
"438","33437","2",""
"438","33438","5",""
"438","33439","6",""
"438","33440","7",""
"438","33441","8",""
