"RouteID","StationId","EstimateTime","Memo"
"113","4002","7",""
"113","4003","8",""
"113","4004","8",""
"113","4005","9",""
"113","4006","10",""
"113","4007","11",""
"113","4008","12",""
"113","4009","13",""
"113","4010","14",""
"113","4011","15",""
"113","4012","16",""
"113","4013","16",""
"113","4014","17",""
"113","4015","17",""
"113","4016","18",""
"113","4017","18",""
"113","4018","18",""
"113","4019","20",""
"113","4020","20",""
"113","4021","21",""
"113","4022","22",""
"113","4023","23",""
"113","4024","24",""
"113","4025","24",""
"113","4026","25",""
"113","4027","25",""
"113","4028","26",""
"113","4029","27",""
"113","4030","28",""
"113","4031","30",""
"113","38997","32",""
"113","4032","33",""
"113","4033","34",""
"113","4034","35",""
"113","4035","36",""
"113","4036","39",""
"113","4037","40",""
"113","4038","42",""
"113","4039","43",""
"113","4040","43",""
"113","4041","44",""
"113","4042","45",""
"113","4043","45",""
"113","4044","46",""
"113","4045","48",""
"113","4046","48",""
"113","4047","52",""
"113","39650","52",""
"113","4048","53",""
"113","4049","55",""
"113","4050","56",""
"113","4051","3",""
"113","4052","4",""
"113","4053","5",""
"113","4054","8",""
"113","4055","11",""
"113","4082","16",""
"113","4083","17",""
"113","4084","18",""
"113","4085","20",""
"113","4086","21",""
"113","4087","22",""
"113","4088","23",""
"113","4089","25",""
"113","4090","27",""
"113","4091","28",""
"113","4092","29",""
"113","4093","30",""
"113","4094","31",""
"113","4095","32",""
"113","4096","33",""
"113","4097","2",""
"113","4098","2",""
"113","4099","5",""
"113","4100","6",""
"113","4101","7",""
"113","4102","8",""
"113","4103","9",""
"113","4104","9",""
"113","38998","10",""
"113","4106","12",""
"113","4107","13",""
"113","4108","14",""
"113","4109","15",""
"113","4110","18",""
"113","4111","19",""
"113","4112","20",""
"113","4113","20",""
"113","4114","21",""
"113","4115","21",""
"113","4116","22",""
"113","4117","23",""
"113","4118","24",""
"113","4119","26",""
"113","4120","27",""
"113","4121","27",""
"113","4122","28",""
"113","4124","30",""
"113","4125","31",""
"113","4126","31",""
"113","4127","33",""
"113","4128","34",""
"113","4129","35",""
"113","4130","35",""
"113","4131","40",""
"113","4132","40",""
"113","4133","41",""
"113","4134","42",""
"113","4135","43",""
"113","43135","44",""
"131","42274","7",""
"131","0372","8",""
"131","0373","9",""
"131","0374","9",""
"131","0375","10",""
"131","0376","12",""
"131","0377","13",""
"131","0378","14",""
"131","0379","16",""
"131","0380","16",""
"131","0381","18",""
"131","0382","19",""
"131","0383","20",""
"131","0384","22",""
"131","0385","23",""
"131","0386","24",""
"131","0387","24",""
"131","0388","25",""
"131","42275","26",""
"131","0389","27",""
"131","0390","27",""
"131","0391","1",""
"131","0392","2",""
"131","0393","3",""
"131","0394","3",""
"131","0395","4",""
"131","41313","4",""
"131","0396","5",""
"131","41314","6",""
"131","0397","7",""
"131","0398","8",""
"131","0399","8",""
"131","0400","9",""
"131","0401","10",""
"131","0402","11",""
"131","0403","11",""
"131","42276","12",""
"131","0404","12",""
"131","0405","14",""
"131","0406","15",""
"131","0407","16",""
"131","0408","17",""
"131","0409","20",""
"131","0410","20",""
"131","0411","22",""
"131","0412","24",""
"131","0413","25",""
"131","0414","26",""
"131","0415","1",""
"131","0416","3",""
"131","0417","3",""
"131","0418","5",""
"131","0419","6",""
"131","0420","7",""
"141","6622","9",""
"141","6626","12",""
"141","6627","13",""
"141","6628","14",""
"141","6629","16",""
"141","6630","17",""
"141","6631","19",""
"141","6632","19",""
"141","6633","20",""
"141","6634","21",""
"141","6635","21",""
"141","6636","22",""
"141","6637","23",""
"141","6639","24",""
"141","0018","25",""
"141","6640","25",""
"141","6641","26",""
"141","6642","27",""
"141","6643","27",""
"141","6644","28",""
"141","6645","31",""
"141","6646","32",""
"141","6647","33",""
"141","6648","3",""
"141","6649","4",""
"141","6650","5",""
"141","6651","5",""
"141","6652","5",""
"141","0289","-1","未發車"
"141","6602","-1","未發車"
"141","6603","-1","未發車"
"141","6604","-1","未發車"
"141","6605","-1","未發車"
"141","6606","-1","未發車"
"141","0017","-1","未發車"
"141","6607","-1","未發車"
"141","6608","-1","未發車"
"141","6609","-1","未發車"
"141","6610","-1","未發車"
"141","6611","-1","未發車"
"141","6612","-1","未發車"
"141","6613","-1","未發車"
"141","6614","-1","未發車"
"141","6615","-1","未發車"
"141","6616","-1","未發車"
"141","6617","-1","未發車"
"141","6618","-1","未發車"
"141","6619","-1","未發車"
"141","6620","5",""
"141","6621","6",""
"211","1422","-1","未發車"
"211","1423","2",""
"211","1424","3",""
"211","1425","3",""
"211","1426","4",""
"211","1427","5",""
"211","1428","6",""
"211","1429","7",""
"211","1430","8",""
"211","1431","9",""
"211","1432","10",""
"211","1433","10",""
"211","1434","11",""
"211","1435","12",""
"211","1436","13",""
"211","1437","14",""
"211","1438","16",""
"211","1439","18",""
"211","1440","18",""
"211","1442","2",""
"211","1443","4",""
"211","1444","5",""
"211","1445","7",""
"211","1446","8",""
"211","1447","8",""
"211","1448","9",""
"211","1449","9",""
"211","1450","10",""
"211","1451","1",""
"211","1452","3",""
"211","1453","5",""
"211","1454","5",""
"211","1455","6",""
"211","1456","8",""
"211","1457","8",""
"211","1458","9",""
"211","1459","10",""
"211","1460","11",""
"211","1461","12",""
"211","1462","13",""
"211","1463","14",""
"211","1464","2",""
"211","1465","3",""
"211","1466","4",""
"211","1467","6",""
"211","1468","2",""
"211","1469","4",""
"211","1470","5",""
"211","1471","6",""
"211","1472","9",""
"211","1473","10",""
"211","1474","11",""
"211","1475","12",""
"211","1476","14",""
"211","1477","15",""
"211","1478","2",""
"211","1479","5",""
"211","1480","8",""
"211","50575","1",""
"211","50574","2",""
"211","1483","9",""
"211","1484","11",""
"211","1485","11",""
"211","1486","14",""
"211","1487","1",""
"211","1488","3",""
"211","1489","4",""
"211","1490","5",""
"211","1491","7",""
"211","1492","10",""
"211","1493","11",""
"211","1494","12",""
"211","1495","13",""
"211","1496","14",""
"211","1497","15",""
"211","1498","16",""
"211","1499","16",""
"211","1500","17",""
"211","1501","18",""
"211","1502","1",""
"211","39067","2",""
"211","1503","4",""
"211","1504","4",""
"211","1505","5",""
"211","1506","7",""
"211","1507","8",""
"211","1508","9",""
"211","1509","11",""
"211","1510","11",""
"211","1511","12",""
"211","1512","13",""
"211","1513","14",""
"211","1514","16",""
"211","1515","17",""
"211","1516","18",""
"211","1517","19",""
"211","1518","20",""
"211","1519","21",""
"211","1520","22",""
"211","1521","2",""
"211","1522","3",""
"211","1523","4",""
"211","1524","5",""
"211","1525","6",""
"211","1526","7",""
"211","1527","7",""
"211","1528","8",""
"211","1529","9",""
"211","1530","9",""
"211","1531","10",""
"211","1532","11",""
"211","1533","12",""
"211","1534","13",""
"211","1535","14",""
"211","1537","16",""
"211","1538","16",""
"5312","7451","-1","未發車"
"5312","7452","1",""
"5312","7453","3",""
"5312","7454","3",""
"5312","7455","4",""
"5312","7456","5",""
"5312","7457","6",""
"5312","7458","6",""
"5312","7459","8",""
"5312","7460","2",""
"5312","7461","2",""
"5312","7462","3",""
"5312","7463","5",""
"5312","7464","1",""
"5312","7465","2",""
"5312","7466","4",""
"5312","7467","4",""
"5312","7468","5",""
"5312","7469","6",""
"5312","7470","8",""
"5312","7471","9",""
"5312","7472","10",""
"5312","7473","12",""
"5312","7474","13",""
"5312","7475","16",""
"5312","7476","17",""
"5312","7477","19",""
"5312","7478","20",""
"5312","7479","21",""
"5312","7480","23",""
"5312","7481","24",""
"5312","7482","25",""
"5312","7483","26",""
"5312","7484","27",""
"5312","7485","27",""
"5312","7486","28",""
"5312","7487","30",""
"5230","2181","-1","未發車"
"5230","2182","-1","未發車"
"5230","3485","-1","未發車"
"5230","2183","-1","未發車"
"5230","2184","-1","未發車"
"5230","42388","-1","未發車"
"5230","2185","1",""
"5230","2186","1",""
"5230","40510","2",""
"5230","2187","3",""
"5230","2188","4",""
"5230","2189","6",""
"5230","2190","7",""
"5230","2191","7",""
"5230","2192","8",""
"5230","2193","8",""
"5230","2194","10",""
"5230","2195","14",""
"5230","2196","14",""
"5230","2197","15",""
"5230","2198","16",""
"5230","2199","16",""
"5230","2200","18",""
"5230","2201","19",""
"5230","2202","2",""
"5230","2203","3",""
"5230","2204","5",""
"5230","2205","8",""
"5230","2206","10",""
"5230","2207","11",""
"5230","2208","13",""
"5230","2209","13",""
"5230","2210","14",""
"5230","2211","14",""
"5230","2212","15",""
"5230","2213","16",""
"5230","2214","2",""
"5230","2215","3",""
"5230","2216","3",""
"5230","2217","3",""
"5230","2218","4",""
"5230","2219","4",""
"5230","2220","6",""
"5230","2221","7",""
"5230","40511","8",""
"5230","2222","9",""
"5230","2223","9",""
"5230","42389","10",""
"5230","2224","11",""
"5230","2225","12",""
"5230","2226","15",""
"5230","2227","16",""
"5230","3486","17",""
"226","10661","-1","未發車"
"226","10662","-1","未發車"
"226","10663","-1","未發車"
"226","10664","-1","未發車"
"226","10665","-1","未發車"
"226","10666","-1","未發車"
"226","10667","-1","未發車"
"226","10668","-1","未發車"
"226","10669","-1","未發車"
"226","10670","-1","未發車"
"226","10671","2",""
"226","10672","3",""
"226","10673","3",""
"226","10674","4",""
"226","10675","7",""
"226","10676","8",""
"226","10677","9",""
"226","41368","1",""
"226","41370","5",""
"226","10678","9",""
"226","10679","9",""
"226","10680","10",""
"226","10681","11",""
"226","10682","12",""
"226","10683","12",""
"226","10684","12",""
"226","10685","13",""
"226","10686","13",""
"226","10687","14",""
"226","10688","14",""
"226","10689","15",""
"226","10690","15",""
"226","10691","16",""
"226","10692","17",""
"226","10693","17",""
"226","10694","18",""
"226","10695","19",""
"226","10696","20",""
"226","10697","1",""
"226","10698","2",""
"226","10699","3",""
"226","10700","4",""
"226","10701","4",""
"226","10702","5",""
"226","10703","5",""
"226","10704","6",""
"226","10705","7",""
"226","10706","8",""
"226","10707","1",""
"226","10708","1",""
"226","10709","2",""
"226","10710","3",""
"226","10711","4",""
"226","10712","4",""
"226","10713","5",""
"226","10714","6",""
"226","10715","7",""
"226","10716","8",""
"226","41371","11",""
"226","41369","15",""
"226","10717","21",""
"226","10718","1",""
"226","10719","2",""
"226","10720","3",""
"226","10721","4",""
"226","10722","5",""
"226","10723","6",""
"226","10724","7",""
"226","10725","8",""
"226","10726","9",""
"226","10727","10",""
"226","10728","10",""
"226","10729","11",""
"226","10730","13",""
"226","10731","14",""
"226","10732","15",""
"190","14931","28",""
"190","14932","32",""
"190","14933","34",""
"190","14934","34",""
"190","14935","35",""
"190","14936","35",""
"190","0016","36",""
"190","14937","38",""
"190","14938","39",""
"190","14939","39",""
"190","14940","40",""
"190","14941","1",""
"190","14942","2",""
"190","14943","3",""
"190","14944","4",""
"190","14945","4",""
"190","14946","5",""
"190","14947","6",""
"190","14948","6",""
"190","14949","7",""
"190","14950","7",""
"190","14951","8",""
"190","14952","8",""
"190","1551","9",""
"190","14953","9",""
"190","14954","9",""
"190","14955","10",""
"190","14956","11",""
"190","14957","11",""
"190","14958","11",""
"190","14959","14",""
"190","14960","14",""
"190","1552","15",""
"190","14961","15",""
"190","14962","16",""
"190","14963","17",""
"190","14964","18",""
"190","14965","18",""
"190","14966","19",""
"190","14967","20",""
"190","14968","21",""
"190","14969","21",""
"190","14970","22",""
"190","14971","22",""
"190","14972","23",""
"190","14973","24",""
"190","14974","24",""
"190","14975","25",""
"190","14976","25",""
"190","14977","26",""
"190","4554","26",""
"190","14978","27",""
"190","14979","27",""
"190","14980","28",""
"190","14981","2",""
"190","14982","2",""
"190","14983","5",""
"190","14984","5",""
"190","14985","5",""
"190","14986","6",""
"190","14987","7",""
"190","14988","10",""
"190","14990","15",""
"190","41257","15",""
"190","14871","27",""
"190","14872","28",""
"190","14873","30",""
"190","14874","31",""
"190","14875","33",""
"190","14876","34",""
"190","14877","34",""
"190","14878","35",""
"190","14879","36",""
"190","14880","37",""
"190","14881","38",""
"190","14882","1",""
"190","14883","2",""
"190","4553","2",""
"190","14884","3",""
"190","14885","3",""
"190","14886","4",""
"190","14887","4",""
"190","14888","5",""
"190","14889","5",""
"190","14890","6",""
"190","14891","6",""
"190","14892","6",""
"190","14893","7",""
"190","14894","7",""
"190","14895","8",""
"190","14896","9",""
"190","14897","9",""
"190","14898","10",""
"190","14899","11",""
"190","14900","12",""
"190","1549","13",""
"190","14901","13",""
"190","14902","14",""
"190","14903","17",""
"190","14904","17",""
"190","14905","17",""
"190","14906","18",""
"190","14907","18",""
"190","14908","19",""
"190","1550","20",""
"190","14909","20",""
"190","14910","20",""
"190","14911","21",""
"190","14912","21",""
"190","14913","22",""
"190","14914","22",""
"190","14915","23",""
"190","14916","24",""
"190","14917","24",""
"190","14918","25",""
"190","14919","25",""
"190","14920","26",""
"190","14921","28",""
"190","14922","28",""
"190","14923","29",""
"190","14924","29",""
"190","14925","1",""
"190","0015","1",""
"190","14926","2",""
"190","14927","2",""
"190","14928","3",""
"190","14929","3",""
"190","14930","4",""
"5243","16431","56",""
"5243","16432","57",""
"5243","16433","59",""
"5243","16434","60",""
"5243","16435","60",""
"5243","16436","61",""
"5243","16437","62",""
"5243","16438","62",""
"5243","16439","63",""
"5243","16440","64",""
"5243","16441","64",""
"5243","16442","65",""
"5243","16443","66",""
"5243","16444","67",""
"5243","16445","67",""
"5243","16446","69",""
"5243","16447","69",""
"5243","2178","70",""
"5243","42329","71",""
"5243","2179","71",""
"5243","16448","71",""
"5243","16449","72",""
"5243","16450","72",""
"5243","16451","73",""
"5243","16452","73",""
"5243","16453","73",""
"5243","41292","74",""
"5243","16454","74",""
"5243","16455","75",""
"5243","16456","77",""
"5243","16457","78",""
"5243","16458","78",""
"5243","16459","78",""
"5243","16460","79",""
"5243","39467","80",""
"5243","16461","80",""
"5243","16462","81",""
"5243","16463","81",""
"5243","16464","82",""
"5239","15791","250",""
"5239","15792","250",""
"5239","15793","250",""
"5239","0047","250",""
"5239","15794","250",""
"5239","15795","250",""
"5239","15796","250",""
"5239","15797","250",""
"5239","15798","250",""
"5239","0048","250",""
"5239","15799","250",""
"5239","15800","250",""
"5239","15801","250",""
"5239","15802","250",""
"5239","15803","250",""
"5239","15804","250",""
"5239","15805","250",""
"5239","42600","250",""
"5239","15806","250",""
"5239","15807","250",""
"5239","15808","250",""
"5239","15809","250",""
"5239","15810","250",""
"5239","15811","250",""
"5239","15812","250",""
"5239","15813","250",""
"5239","1936","250",""
"5239","15814","250",""
"5239","15815","250",""
"5239","15816","250",""
"5239","15817","250",""
"5239","15818","250",""
"5239","15819","250",""
"5239","15820","250",""
"5239","15821","250",""
"5239","15822","250",""
"5239","15823","250",""
"5239","15824","250",""
"5239","15825","250",""
"5239","15826","250",""
"5239","15827","250",""
"5239","15828","250",""
"5239","15829","250",""
"5239","15830","250",""
"5239","15831","250",""
"5239","15832","250",""
"5239","15833","250",""
"5239","15834","250",""
"5239","15835","250",""
"5239","15836","250",""
"5239","15837","250",""
"5239","15838","250",""
"5239","1937","250",""
"5239","15839","250",""
"5239","15840","250",""
"5239","15841","250",""
"5239","15842","250",""
"5239","15843","250",""
"5239","15844","1",""
"5239","15845","1",""
"5239","15846","3",""
"5239","15847","4",""
"5239","15848","6",""
"5239","15849","6",""
"5239","15850","7",""
"5239","15851","9",""
"5239","15852","9",""
"5239","15853","10",""
"5239","0049","11",""
"5239","15854","12",""
"5239","15855","12",""
"5239","15856","13",""
"5239","15857","14",""
"5239","15858","15",""
"5239","0050","16",""
"5239","15859","17",""
"5239","15860","20",""
"5239","15861","21",""
"5239","15862","22",""
"1015","24061","254",""
"1015","24062","254",""
"1015","24063","254",""
"1015","24064","254",""
"1015","24065","254",""
"1015","24066","254",""
"1015","39194","254",""
"1015","24067","254",""
"1015","24068","254",""
"1015","24069","254",""
"1015","24070","254",""
"1015","24071","254",""
"1015","24072","254",""
"1015","24073","254",""
"1015","24074","254",""
"1015","24075","254",""
"1015","24077","254",""
"1015","24076","254",""
"1015","24078","254",""
"1015","24079","1",""
"1015","24080","2",""
"1015","24081","2",""
"1015","24082","3",""
"1015","24083","3",""
"1015","41027","4",""
"1015","41028","5",""
"1015","39191","6",""
"1015","40121","9",""
"1015","41031","10",""
"1015","41032","11",""
"1015","24086","15",""
"1015","24087","15",""
"1015","24088","16",""
"1015","24089","17",""
"1015","24090","17",""
"1015","24091","19",""
"1015","24092","20",""
"1015","24093","21",""
"1015","24094","22",""
"1015","24095","23",""
"8031","26171","47",""
"8031","26172","47",""
"8031","26173","48",""
"8031","26174","48",""
"8031","26175","49",""
"8031","26176","49",""
"8031","26177","50",""
"8031","26178","50",""
"8031","26179","51",""
"8031","26180","51",""
"8031","26181","52",""
"8031","26184","52",""
"8031","26183","53",""
"8031","26185","53",""
"8031","26187","54",""
"8031","26190","54",""
"8031","26191","55",""
"8031","26192","55",""
"8031","26193","56",""
"8031","26194","56",""
"8031","26195","57",""
"8031","26196","57",""
"8031","26197","58",""
"8031","26198","58",""
"8031","26199","59",""
"8031","26200","59",""
"8031","26201","60",""
"8031","26202","60",""
"8031","26203","61",""
"2035","27511","6",""
"2035","27512","8",""
"2035","27513","4",""
"2035","27514","6",""
"2035","27515","4",""
"2035","27516","6",""
"5229","3971","2",""
"5229","3972","6",""
"5229","3973","7",""
"5229","3974","7",""
"5229","3975","8",""
"5229","3976","12",""
"5229","3977","13",""
"5229","3978","13",""
"5229","3979","3",""
"1040","29781","2",""
"1040","29782","2",""
"1040","29783","3",""
"1040","29784","3",""
"1040","29785","4",""
"1040","29786","4",""
"1040","29787","5",""
"1075","32022","27",""
"1075","32023","28",""
"1075","32024","30",""
"1075","32025","31",""
"1075","32026","32",""
"1075","32027","34",""
"1075","32028","34",""
"1075","32029","35",""
"1075","32030","36",""
"1075","32031","39",""
"1075","32032","39",""
"1075","32033","40",""
"1075","32034","40",""
"1075","32035","40",""
"1075","32036","42",""
"1075","32037","42",""
"1075","32038","45",""
"1075","32039","48",""
"1075","32040","51",""
"1075","32041","51",""
"1075","41054","52",""
"1075","41053","53",""
"1075","32042","56",""
"1075","41055","56",""
"1075","32043","57",""
"1075","32044","60",""
"1075","32045","61",""
"1075","32046","63",""
"1075","32047","66",""
"1075","32048","68",""
"1075","32049","68",""
"1075","32050","69",""
"1075","32051","70",""
"1075","32052","70",""
"1075","32053","71",""
"1075","32054","72",""
"1075","32055","72",""
"1075","32056","72",""
"1075","41684","73",""
"1075","41685","74",""
"1075","41686","75",""
"1075","32059","78",""
"1075","32060","79",""
"1075","32061","80",""
"1075","32062","80",""
"1075","32063","81",""
"1075","32064","81",""
"1075","32065","82",""
"1075","32066","84",""
"1075","32067","86",""
"1075","32068","87",""
"1075","32069","87",""
"1075","32070","88",""
"1075","32071","90",""
"1075","32072","92",""
"1075","32073","95",""
"1075","32074","96",""
"1075","32075","98",""
"5623","7151","37",""
"5623","7152","39",""
"5623","7153","40",""
"5623","7154","40",""
"5623","7155","41",""
"5623","7156","42",""
"5623","40734","42",""
"5623","7157","45",""
"5623","7158","46",""
"5623","7159","48",""
"5623","7160","50",""
"5623","7161","52",""
"5623","42196","52",""
"5623","7162","55",""
"5623","7163","56",""
"5623","42685","62",""
"5623","7164","65",""
"5623","7165","67",""
"5623","7166","2",""
"5623","7167","5",""
"5623","7168","5",""
"5623","7169","6",""
"5623","41254","7",""
"5623","7170","11",""
"5623","7171","12",""
"5623","7172","12",""
"5623","7173","14",""
"5623","7174","17",""
"2008","22641","47",""
"2008","22642","48",""
"2008","22643","49",""
"2008","22644","49",""
"2008","22645","50",""
"2008","22646","51",""
"2008","22647","51",""
"2008","22648","52",""
"2008","22649","53",""
"2008","22650","54",""
"2008","22651","55",""
"2008","22652","56",""
"2008","22653","57",""
"2008","22654","59",""
"2008","22655","59",""
"2008","22656","60",""
"2008","22657","60",""
"2008","22658","60",""
"2008","22659","61",""
"2008","22660","62",""
"2008","22661","62",""
"2008","22662","63",""
"2008","22663","63",""
"2008","22664","63",""
"2008","22665","64",""
"2008","22666","65",""
"2008","22667","65",""
"2008","22668","66",""
"2008","22669","67",""
"2008","22670","68",""
"2008","22671","69",""
"2008","22672","69",""
"2008","22673","70",""
"2008","22674","71",""
"2008","22675","72",""
"2008","22676","73",""
"2008","22677","74",""
"2008","22678","76",""
"2008","22679","76",""
"2008","22680","77",""
"2008","22681","77",""
"2008","22682","78",""
"2008","22683","78",""
"2008","22684","79",""
"2008","22685","79",""
"2008","22686","80",""
"2008","22687","80",""
"2008","22688","81",""
"2008","22689","82",""
"2008","22690","82",""
"2008","22691","83",""
"2008","22692","83",""
"2008","22693","84",""
"9014","27821","1",""
"9014","27822","2",""
"9014","27823","2",""
"9014","27824","3",""
"9014","27825","5",""
"9014","27826","6",""
"9014","27827","8",""
"9014","27828","9",""
"9014","27829","12",""
"9014","27830","14",""
"9014","27831","15",""
"9014","27832","1",""
"9014","27833","2",""
"9014","27834","2",""
"9014","27835","4",""
"9014","27836","4",""
"9014","27837","5",""
"9014","27838","6",""
"9014","27839","1",""
"9014","27840","2",""
"9014","27841","3",""
"9014","27842","4",""
"9020","28011","16",""
"9020","28012","17",""
"9020","28013","19",""
"9020","28014","21",""
"9020","28015","22",""
"9020","28016","25",""
"9020","28017","30",""
"9020","28018","31",""
"9020","28019","36",""
"9020","28020","36",""
"9020","28021","39",""
"9020","28022","40",""
"9020","28023","41",""
"9020","28024","41",""
"9020","28025","42",""
"9020","28026","43",""
"9020","28027","44",""
"9020","28028","47",""
"9020","28029","48",""
"803","11921","-1","未發車"
"803","11922","-1","未發車"
"803","11923","-1","未發車"
"803","11924","-1","未發車"
"803","11925","-1","未發車"
"803","11926","-1","未發車"
"803","11927","-1","未發車"
"803","11928","-1","未發車"
"803","11929","-1","未發車"
"803","11930","-1","未發車"
"803","11931","-1","未發車"
"803","11932","-1","未發車"
"803","11933","-1","未發車"
"803","11934","2",""
"803","11935","2",""
"803","11936","3",""
"803","11937","5",""
"803","11938","7",""
"803","11939","7",""
"803","11940","7",""
"803","11941","8",""
"803","11942","10",""
"803","11943","11",""
"803","11944","12",""
"803","11945","13",""
"803","11946","15",""
"803","11947","15",""
"803","11948","16",""
"803","11949","18",""
"803","11950","18",""
"803","11951","21",""
"803","11952","21",""
"803","11953","24",""
"803","11954","24",""
"803","11955","27",""
"803","11956","27",""
"803","11957","27",""
"803","11958","28",""
"803","11959","2",""
"803","1153","3",""
"803","11960","3",""
"803","11961","5",""
"803","11962","6",""
"803","11963","7",""
"803","11964","8",""
"803","11965","9",""
"803","11966","11",""
"803","11967","11",""
"803","11968","13",""
"803","11969","14",""
"803","11970","15",""
"803","11971","16",""
"803","11972","17",""
"803","11973","18",""
"803","11974","19",""
"803","11975","20",""
"803","11976","20",""
"803","11977","21",""
"803","11978","21",""
"803","11979","25",""
"803","11980","25",""
"803","11981","26",""
"803","11982","27",""
"803","11983","28",""
"803","11984","30",""
"803","11985","30",""
"803","11986","1",""
"803","11987","2",""
"803","11988","4",""
"803","11989","4",""
"803","11990","5",""
"803","11991","7",""
"803","11992","8",""
"803","11993","8",""
"5663","21555","56",""
"5663","21556","57",""
"5663","21557","57",""
"5663","21558","58",""
"5663","21559","59",""
"5663","21560","59",""
"5663","21561","60",""
"5663","21562","60",""
"5663","21563","61",""
"5663","21564","62",""
"5663","21565","64",""
"5663","21566","66",""
"5663","21567","66",""
"5663","21568","67",""
"5663","21569","68",""
"5663","21570","71",""
"5663","21571","72",""
"5663","21572","73",""
"5663","21573","76",""
"5663","21574","77",""
"5663","21578","77",""
"5663","21579","78",""
"5663","21580","78",""
"5663","21581","79",""
"5663","21582","79",""
"5663","21583","81",""
"5663","21584","84",""
"5663","21585","84",""
"5663","21586","85",""
"5663","21587","87",""
"5663","21588","88",""
"5663","21589","89",""
"5663","21590","91",""
"5663","21591","93",""
"5663","21592","94",""
"5663","21593","94",""
"5663","21594","95",""
"5663","21595","96",""
"5663","40541","1",""
"5663","21596","3",""
"5663","21597","3",""
"5663","21598","5",""
"5663","21599","6",""
"5663","21600","6",""
"5663","21601","7",""
"5663","21602","8",""
"5663","21603","9",""
"5663","21604","9",""
"5663","21605","12",""
"5663","21606","17",""
"5663","21607","18",""
"5663","21608","21",""
"5663","21609","24",""
"5663","21610","26",""
"5663","21611","27",""
"5663","21612","29",""
"5663","21613","29",""
"5663","21614","30",""
"5663","21615","32",""
"5663","21616","33",""
"5663","21617","35",""
"5663","21494","72",""
"5663","21495","72",""
"5663","21496","74",""
"5663","21497","75",""
"5663","21498","76",""
"5663","21499","78",""
"5663","21500","78",""
"5663","21501","85",""
"5663","21502","86",""
"5663","21503","91",""
"5663","21504","91",""
"5663","21505","92",""
"5663","21506","93",""
"5663","21507","94",""
"5663","21508","94",""
"5663","21509","95",""
"5663","21510","95",""
"5663","21511","96",""
"5663","40540","97",""
"5663","21512","98",""
"5663","21513","98",""
"5663","21514","99",""
"5663","21515","99",""
"5663","21516","100",""
"5663","21517","101",""
"5663","21518","102",""
"5663","21519","103",""
"5663","21520","103",""
"5663","21521","104",""
"5663","21522","2",""
"5663","21523","2",""
"5663","21524","3",""
"5663","21525","5",""
"5663","21526","6",""
"5663","21527","6",""
"5663","21528","8",""
"5663","21529","11",""
"5663","39619","12",""
"5663","21530","12",""
"5663","21531","13",""
"5663","21535","13",""
"5663","21536","14",""
"5663","21537","14",""
"5663","21538","15",""
"5663","21539","15",""
"5663","21540","16",""
"5663","21541","16",""
"5663","21542","17",""
"5663","21543","17",""
"5663","21544","18",""
"5663","21545","19",""
"5663","21546","20",""
"5663","21547","20",""
"5663","21548","21",""
"5663","21549","21",""
"5663","21550","22",""
"5663","21551","22",""
"5663","21552","23",""
"5663","21553","23",""
"5663","21554","24",""
"127","12451","22",""
"127","12452","22",""
"127","12453","23",""
"127","12454","24",""
"127","12455","25",""
"127","12456","25",""
"127","12457","26",""
"127","12458","27",""
"127","12459","27",""
"127","12460","28",""
"127","12461","29",""
"127","12462","30",""
"127","12463","31",""
"127","12464","32",""
"127","12465","32",""
"127","12466","33",""
"127","12467","33",""
"127","12468","34",""
"127","12469","34",""
"127","12470","36",""
"127","12471","36",""
"127","12472","37",""
"127","12473","37",""
"127","12474","39",""
"127","12475","39",""
"127","12476","40",""
"127","12477","40",""
"127","12478","41",""
"127","12479","41",""
"127","12480","41",""
"127","12481","42",""
"127","12482","43",""
"127","12483","43",""
"127","12484","44",""
"127","12485","44",""
"127","12486","45",""
"127","12487","45",""
"127","12488","46",""
"127","12489","47",""
"127","12490","47",""
"127","12491","47",""
"127","12492","47",""
"127","12493","48",""
"127","12494","49",""
"127","12495","49",""
"127","12496","50",""
"127","12497","51",""
"127","12498","51",""
"127","12499","52",""
"127","12500","52",""
"127","12501","52",""
"127","12502","53",""
"127","12503","55",""
"127","12504","56",""
"127","12505","57",""
"127","12506","58",""
"127","12507","59",""
"127","12508","59",""
"127","12509","60",""
"127","12510","60",""
"127","12511","61",""
"127","12512","61",""
"127","12513","62",""
"127","12514","63",""
"127","12515","63",""
"127","12516","64",""
"127","12517","64",""
"127","12518","65",""
"127","12519","66",""
"127","12520","66",""
"127","12521","67",""
"127","12522","67",""
"127","12523","67",""
"127","12524","68",""
"127","12525","68",""
"127","12526","69",""
"127","12527","70",""
"127","12528","70",""
"127","12529","71",""
"127","12530","71",""
"127","12531","72",""
"127","12532","73",""
"127","12533","74",""
"127","12534","74",""
"127","12535","75",""
"127","12536","75",""
"127","12537","76",""
"128","19482","250",""
"128","19483","250",""
"128","19484","250",""
"128","19485","250",""
"128","19486","250",""
"128","19487","250",""
"128","19488","1",""
"128","19489","2",""
"128","19490","2",""
"128","19491","3",""
"128","19492","4",""
"128","19493","5",""
"128","19494","6",""
"128","19495","7",""
"128","19496","8",""
"128","19497","8",""
"128","19498","9",""
"128","19499","10",""
"128","19500","10",""
"128","19501","11",""
"128","19502","12",""
"128","19503","12",""
"128","19504","13",""
"128","19505","14",""
"128","19506","14",""
"128","19507","15",""
"128","19508","16",""
"128","19509","17",""
"128","19510","17",""
"128","19511","17",""
"128","19512","18",""
"128","19513","19",""
"128","19514","19",""
"128","19515","19",""
"128","19516","20",""
"128","19517","20",""
"128","19518","21",""
"128","19519","22",""
"128","19520","22",""
"128","19521","23",""
"128","19522","23",""
"128","19523","23",""
"128","19524","24",""
"128","19525","25",""
"128","19526","25",""
"128","19527","26",""
"128","19528","27",""
"128","19529","27",""
"128","19530","28",""
"128","19531","28",""
"128","19532","28",""
"128","19533","29",""
"128","19534","31",""
"128","19535","32",""
"128","19536","33",""
"128","19537","34",""
"128","19538","35",""
"128","19539","35",""
"128","19540","36",""
"128","19541","36",""
"128","19542","37",""
"128","19543","37",""
"128","19544","38",""
"128","19545","39",""
"128","19546","40",""
"128","19547","40",""
"128","19548","41",""
"128","19549","41",""
"128","19550","42",""
"482","32451","7",""
"482","32452","8",""
"482","32453","9",""
"482","32454","10",""
"482","32455","11",""
"482","1160","12",""
"482","32456","13",""
"482","32457","17",""
"482","32458","20",""
"482","32459","22",""
"482","32460","24",""
"482","32461","27",""
"482","32462","30",""
"482","32463","3",""
"482","32464","5",""
"482","32465","5",""
"482","32466","6",""
"482","32467","6",""
"482","32468","8",""
"482","32469","8",""
"482","32470","10",""
"482","32471","11",""
"482","32472","12",""
"482","32473","13",""
"482","32474","14",""
"482","32475","16",""
"482","32476","17",""
"482","32477","18",""
"482","32478","19",""
"482","32479","19",""
"482","32480","19",""
"482","32481","20",""
"482","32482","20",""
"482","32483","22",""
"482","32484","23",""
"482","32485","24",""
"482","32486","25",""
"482","32487","26",""
"482","32488","27",""
"482","32489","28",""
"482","32490","28",""
"482","32491","29",""
"482","32492","29",""
"482","32493","29",""
"482","32494","30",""
"482","32495","31",""
"482","32406","7",""
"482","32407","7",""
"482","32408","8",""
"482","32409","9",""
"482","32410","10",""
"482","32411","11",""
"482","32412","1",""
"482","32413","2",""
"482","32414","2",""
"482","32415","4",""
"482","32416","5",""
"482","32417","5",""
"482","32418","6",""
"482","32419","7",""
"482","32420","8",""
"482","32421","8",""
"482","32422","9",""
"482","32423","10",""
"482","32424","11",""
"482","32425","2",""
"482","32426","3",""
"482","32427","4",""
"482","32428","6",""
"482","32429","6",""
"482","32430","8",""
"482","32431","9",""
"482","32432","10",""
"482","32433","1",""
"482","32434","2",""
"482","32435","3",""
"482","32436","5",""
"482","32437","1",""
"482","32438","4",""
"482","32439","7",""
"482","32440","9",""
"482","32441","12",""
"482","32442","2",""
"482","32443","4",""
"482","32444","5",""
"482","32445","7",""
"482","32446","9",""
"482","32447","10",""
"482","32448","12",""
"482","32449","13",""
"482","32450","2",""
"484","32535","37",""
"484","32536","37",""
"484","32537","38",""
"484","32538","39",""
"484","32539","41",""
"484","32540","42",""
"484","32541","43",""
"484","32542","44",""
"484","32544","44",""
"484","32545","48",""
"484","32546","51",""
"484","32547","56",""
"484","32548","60",""
"484","32549","66",""
"484","32550","69",""
"484","32551","72",""
"484","32552","75",""
"484","32553","76",""
"484","32554","77",""
"484","32555","78",""
"484","32556","78",""
"484","32557","80",""
"484","32558","80",""
"484","32559","82",""
"484","32560","82",""
"484","32561","83",""
"484","32562","83",""
"484","32563","84",""
"484","32564","85",""
"484","32565","87",""
"484","32566","89",""
"484","32567","91",""
"484","32568","91",""
"484","32569","92",""
"484","32570","93",""
"484","39354","95",""
"484","39356","98",""
"484","39355","7",""
"484","39353","8",""
"484","32508","9",""
"484","32509","9",""
"484","32510","10",""
"484","32511","11",""
"484","32512","11",""
"484","32513","12",""
"484","32514","12",""
"484","32515","13",""
"484","32516","14",""
"484","32517","15",""
"484","32518","15",""
"484","32519","16",""
"484","32520","17",""
"484","32521","17",""
"484","32522","18",""
"484","32523","18",""
"484","32524","20",""
"484","32525","20",""
"484","32526","1",""
"484","32527","2",""
"484","32528","6",""
"484","32529","11",""
"484","32530","16",""
"484","32531","22",""
"484","32532","25",""
"484","32533","29",""
"484","1544","32",""
"484","40345","34",""
"484","32534","36",""
"157","33126","4",""
"157","33127","5",""
"157","33128","7",""
"157","33129","10",""
"157","33130","12",""
"157","33131","13",""
"157","33132","16",""
"157","33133","3",""
"157","33134","3",""
"157","33135","2",""
"157","33136","2",""
"157","2249","2",""
"157","33137","4",""
"157","33138","5",""
"157","33139","7",""
"157","33140","8",""
"157","33141","10",""
"157","33142","11",""
"157","33143","13",""
"157","33144","15",""
"157","33145","16",""
"157","33146","17",""
"157","33147","18",""
"157","33148","19",""
"157","33149","2",""
"157","33150","2",""
"157","33151","2",""
"157","33152","4",""
"157","33153","5",""
"157","33154","6",""
"157","33155","7",""
"157","33156","8",""
"157","33157","9",""
"157","33158","12",""
"157","33159","13",""
"157","33160","14",""
"157","33161","14",""
"157","33162","15",""
"157","33163","16",""
"157","33164","16",""
"157","33165","17",""
"157","42935","1",""
"157","33087","-1","未發車"
"157","33088","-1","未發車"
"157","33089","-1","未發車"
"157","33090","-1","未發車"
"157","33091","-1","未發車"
"157","33092","-1","未發車"
"157","33093","-1","未發車"
"157","33094","2",""
"157","33095","4",""
"157","33096","2",""
"157","33097","3",""
"157","33098","4",""
"157","33099","4",""
"157","33100","6",""
"157","33101","8",""
"157","39649","8",""
"157","33102","9",""
"157","33103","9",""
"157","33104","2",""
"157","33105","3",""
"157","33106","3",""
"157","33107","4",""
"157","33108","7",""
"157","33109","8",""
"157","33110","14",""
"157","33111","15",""
"157","33112","3",""
"157","33113","6",""
"157","33114","3",""
"157","33115","4",""
"157","33116","4",""
"157","33117","7",""
"157","33118","7",""
"157","33119","4",""
"157","33120","2",""
"157","33121","4",""
"157","33122","2",""
"157","33123","3",""
"157","33124","4",""
"157","33125","2",""
"5410","33455","7",""
"5410","33456","7",""
"5410","33457","9",""
"5410","33458","10",""
"5410","33459","11",""
"5410","33460","12",""
"5410","33461","14",""
"5410","33462","15",""
"5410","33463","16",""
"5410","33464","18",""
"5410","33465","19",""
"5410","33466","21",""
"5410","33467","22",""
"5410","33468","22",""
"5410","33469","22",""
"5410","33470","23",""
"5410","33471","23",""
"5410","33472","24",""
"5410","33473","25",""
"5410","33474","25",""
"5410","38976","26",""
"5410","33475","26",""
"5410","1372","26",""
"5410","1373","26",""
"5410","1374","27",""
"5410","1375","27",""
"5410","1376","28",""
"5410","1377","1",""
"5410","1378","1",""
"5410","1379","2",""
"5410","1380","3",""
"5410","1381","3",""
"5410","1382","4",""
"5410","1383","4",""
"5410","38981","5",""
"5410","1384","5",""
"5410","38978","6",""
"5410","33476","6",""
"5410","33477","6",""
"5410","33478","7",""
"5410","33479","8",""
"5410","33480","9",""
"5410","33481","9",""
"5410","33482","9",""
"5410","33483","10",""
"5410","55858","11",""
"5410","33484","12",""
"5410","33485","12",""
"5410","33486","13",""
"5410","33487","14",""
"5410","33488","15",""
"5410","33489","16",""
"5410","33491","17",""
"5410","33492","17",""
"5410","33493","19",""
"5410","33494","20",""
"5410","33495","1",""
"5410","33496","2",""
"5410","33497","4",""
"5410","33498","7",""
"5410","33499","8",""
"5410","33500","9",""
"5410","33501","10",""
"5410","33502","11",""
"5410","33503","13",""
"5410","33504","15",""
"5410","33505","16",""
"5410","33506","18",""
"5410","33507","20",""
"5410","33508","21",""
"5410","33509","22",""
"5410","33510","24",""
"5410","33511","25",""
"5410","33512","25",""
"5410","33515","27",""
"5410","33516","28",""
"5410","33517","2",""
"5410","33518","3",""
"5410","33519","3",""
"5410","55859","4",""
"5410","33520","5",""
"5410","33521","6",""
"5410","33522","7",""
"5410","33523","7",""
"5410","33524","8",""
"5410","33525","9",""
"5410","33526","9",""
"5410","33527","10",""
"5410","38979","11",""
"5410","1385","11",""
"5410","1386","11",""
"5410","1387","11",""
"5410","1388","12",""
"5410","1389","13",""
"5410","1390","14",""
"5410","1391","14",""
"5410","1394","14",""
"5410","1395","15",""
"5410","1396","16",""
"5410","1397","17",""
"5410","1398","17",""
"5410","1399","18",""
"5410","38982","18",""
"5410","33528","18",""
"5410","38977","19",""
"5410","33529","19",""
"5410","33530","19",""
"5410","33531","20",""
"5410","33532","21",""
"5410","33533","22",""
"5410","33534","22",""
"5410","33535","22",""
"5410","33536","23",""
"5410","33537","23",""
"5410","33538","24",""
"5410","33539","25",""
"5410","33540","26",""
"5410","33541","27",""
"5410","33542","28",""
"5410","33543","30",""
"5410","33544","32",""
"5410","33545","33",""
"5410","33546","34",""
"5410","33547","35",""
"5215","33559","96",""
"5215","33560","97",""
"5215","33561","97",""
"5215","33562","97",""
"5215","33563","98",""
"5215","33564","99",""
"5215","33565","100",""
"5215","33566","101",""
"5215","33567","104",""
"5215","34431","105",""
"5215","33568","106",""
"5215","33569","109",""
"5215","33570","110",""
"5215","33571","112",""
"5215","33572","112",""
"5215","33573","113",""
"5215","33574","114",""
"5215","33575","115",""
"5215","33576","116",""
"5215","33577","118",""
"5215","33578","119",""
"5215","33579","120",""
"5215","33580","123",""
"5215","33581","123",""
"5215","34432","124",""
"5215","33582","125",""
"5215","33583","126",""
"5215","3566","127",""
"5215","33584","129",""
"5215","33585","131",""
"5215","45948","132",""
"5215","33586","133",""
"5215","33587","136",""
"5215","33588","140",""
"5215","33589","141",""
"5215","33590","141",""
"5215","33591","144",""
"5215","33592","2",""
"5215","33593","3",""
"5215","33594","4",""
"5215","33595","5",""
"5215","33596","5",""
"5215","33597","6",""
"5215","33598","7",""
"5215","33599","10",""
"5215","33600","12",""
"5215","33601","12",""
"5215","33602","14",""
"5215","33603","14",""
"5215","33604","16",""
"5215","33605","16",""
"5215","33606","17",""
"5215","33607","19",""
"5215","33608","20",""
"5215","33609","20",""
"5215","34433","25",""
"5215","45949","26",""
"5215","34434","26",""
"5215","34435","27",""
"5215","3567","28",""
"5215","34436","28",""
"5215","33610","29",""
"5215","34437","31",""
"5215","34438","37",""
"5215","34439","37",""
"5215","34440","37",""
"5215","34441","40",""
"5215","34442","41",""
"5215","34443","42",""
"5215","34444","45",""
"5215","34445","46",""
"5215","34446","47",""
"5215","34447","48",""
"5215","33611","50",""
"5215","33612","52",""
"5215","33613","53",""
"5215","33614","56",""
"5215","33615","57",""
"5215","33616","58",""
"5215","33617","58",""
"5215","33618","59",""
"5215","33619","59",""
"5215","33620","60",""
"5215","33621","60",""
"5215","42931","60",""
"485","33722","7",""
"485","42973","7",""
"485","33723","7",""
"485","33724","8",""
"485","33725","10",""
"485","33726","11",""
"485","33727","11",""
"485","33728","14",""
"485","33729","15",""
"485","33730","17",""
"485","33731","18",""
"485","33732","19",""
"485","33733","20",""
"485","1854","21",""
"485","33734","2",""
"485","33735","2",""
"485","33736","3",""
"485","33737","4",""
"485","33738","5",""
"485","33739","6",""
"485","33740","7",""
"485","33741","8",""
"485","33742","8",""
"485","33743","10",""
"485","33744","11",""
"485","33745","13",""
"485","33746","1",""
"485","33747","2",""
"485","33748","6",""
"485","3658","6",""
"485","33749","8",""
"485","33750","9",""
"485","33751","10",""
"485","33752","11",""
"485","33753","12",""
"485","33754","12",""
"485","33755","13",""
"485","33756","14",""
"485","33757","15",""
"485","33758","15",""
"485","33759","17",""
"485","33760","17",""
"485","33761","18",""
"485","33762","20",""
"485","33763","22",""
"485","33764","23",""
"485","33765","25",""
"485","33766","27",""
"485","33767","29",""
"485","33768","30",""
"485","33770","2",""
"485","33771","4",""
"485","33773","6",""
"485","33774","10",""
"485","33775","11",""
"485","33776","12",""
"485","2248","13",""
"485","33777","14",""
"485","33778","15",""
"485","33779","15",""
"485","33780","16",""
"485","33781","1",""
"485","33782","2",""
"485","33783","3",""
"485","33784","4",""
"485","33785","5",""
"485","33787","6",""
"485","33788","6",""
"485","33789","7",""
"485","33790","9",""
"485","33791","12",""
"485","33793","14",""
"485","33794","15",""
"485","33796","18",""
"485","33797","19",""
"485","33798","22",""
"485","33799","23",""
"485","33800","24",""
"485","33801","25",""
"485","33802","26",""
"485","33803","3",""
"485","33804","3",""
"485","33805","5",""
"485","33806","6",""
"485","33807","7",""
"485","33808","7",""
"485","33809","8",""
"485","33810","8",""
"485","33811","9",""
"485","33812","10",""
"485","33813","11",""
"485","33814","12",""
"485","33815","12",""
"485","3659","14",""
"485","33816","15",""
"485","33817","18",""
"485","33818","21",""
"485","33819","21",""
"485","33820","22",""
"485","1855","23",""
"485","33821","24",""
"485","33822","25",""
"485","33823","25",""
"485","33824","26",""
"485","33825","27",""
"485","33826","28",""
"485","33827","29",""
"485","33828","29",""
"485","1856","30",""
"485","33829","31",""
"485","33830","31",""
"485","33831","32",""
"485","33832","32",""
"485","33833","33",""
"485","33834","34",""
"485","33835","35",""
"485","33836","36",""
"485","33837","37",""
"485","33838","38",""
"485","33839","39",""
"485","33840","40",""
"485","42974","40",""
"485","33841","41",""
"436","39386","-1","未發車"
"436","39388","-1","未發車"
"436","39390","-1","未發車"
"436","33250","-1","未發車"
"436","33251","-1","未發車"
"436","33252","-1","未發車"
"436","33253","-1","未發車"
"436","33254","-1","未發車"
"436","33255","1",""
"436","33256","4",""
"436","33257","5",""
"436","33258","6",""
"436","33259","7",""
"436","33260","10",""
"436","33261","11",""
"436","33262","12",""
"436","33263","12",""
"436","33264","15",""
"436","33265","16",""
"436","33266","18",""
"436","33267","18",""
"436","33268","19",""
"436","33269","20",""
"436","33270","21",""
"436","33271","21",""
"436","33272","3",""
"436","33273","6",""
"436","33274","6",""
"436","33275","8",""
"436","33276","10",""
"436","33277","1",""
"436","33278","2",""
"436","33279","4",""
"436","33280","6",""
"436","33281","8",""
"436","33282","9",""
"436","33283","13",""
"436","33284","15",""
"436","33285","16",""
"436","33286","17",""
"436","33287","1",""
"436","33288","2",""
"436","33289","3",""
"436","33290","5",""
"436","33291","6",""
"436","33292","8",""
"436","33293","9",""
"436","33294","12",""
"436","33295","12",""
"436","33296","14",""
"436","33297","14",""
"436","33298","15",""
"436","33299","17",""
"436","33300","18",""
"436","33301","20",""
"436","33302","21",""
"436","33303","23",""
"436","39392","23",""
"436","39391","25",""
"436","39389","26",""
"436","39387","26",""
"438","33385","-1","未發車"
"438","33386","-1","未發車"
