"RouteID","StationId","EstimateTime","Memo"
"113","4082","46",""
"113","4083","47",""
"113","4084","47",""
"113","4085","51",""
"113","4086","52",""
"113","4087","53",""
"113","4088","53",""
"113","4089","55",""
"113","4090","57",""
"113","4091","58",""
"113","4092","59",""
"113","4093","60",""
"113","4094","60",""
"113","4095","1",""
"113","4096","2",""
"113","4097","3",""
"113","4098","3",""
"113","4099","5",""
"113","4100","6",""
"113","4101","6",""
"113","4102","7",""
"113","4103","8",""
"113","4104","9",""
"113","38998","10",""
"113","4106","10",""
"113","4107","12",""
"113","4108","14",""
"113","4109","14",""
"113","4110","16",""
"113","4111","16",""
"113","4112","17",""
"113","4113","17",""
"113","4114","18",""
"113","4115","19",""
"113","4116","19",""
"113","4117","21",""
"113","4118","21",""
"113","4119","23",""
"113","4120","23",""
"113","4121","24",""
"113","4122","25",""
"113","4124","27",""
"113","4125","27",""
"113","4126","28",""
"113","4127","29",""
"113","4128","30",""
"113","4129","31",""
"113","4130","32",""
"113","4131","2",""
"113","4132","2",""
"113","4133","3",""
"113","4134","4",""
"113","4135","5",""
"113","4002","16",""
"113","4003","17",""
"113","4004","17",""
"113","4005","18",""
"113","4006","20",""
"113","4007","21",""
"113","4008","22",""
"113","4009","23",""
"113","4010","24",""
"113","4011","25",""
"113","4012","25",""
"113","4013","26",""
"113","4014","27",""
"113","4015","27",""
"113","4016","1",""
"113","4017","2",""
"113","4018","2",""
"113","4019","3",""
"113","4020","4",""
"113","4021","4",""
"113","4022","6",""
"113","4023","7",""
"113","4024","7",""
"113","4025","8",""
"113","4026","8",""
"113","4027","9",""
"113","4028","10",""
"113","4029","11",""
"113","4030","12",""
"113","4031","13",""
"113","38997","13",""
"113","4032","14",""
"113","4033","15",""
"113","4034","16",""
"113","4035","17",""
"113","4036","18",""
"113","4037","19",""
"113","4038","21",""
"113","4039","22",""
"113","4040","22",""
"113","4041","24",""
"113","4042","24",""
"113","4043","25",""
"113","4044","26",""
"113","4045","27",""
"113","4046","28",""
"113","4047","30",""
"113","39650","31",""
"113","4048","32",""
"113","4049","33",""
"113","4050","34",""
"113","4051","36",""
"113","4052","37",""
"113","4053","38",""
"113","4054","41",""
"113","4055","43",""
"131","41314","51",""
"131","0397","51",""
"131","0398","52",""
"131","0399","53",""
"131","0400","54",""
"131","0401","55",""
"131","0402","56",""
"131","0403","57",""
"131","42276","1",""
"131","0404","3",""
"131","0405","4",""
"131","0406","4",""
"131","0407","6",""
"131","0408","7",""
"131","0409","10",""
"131","0410","10",""
"131","0411","12",""
"131","0412","15",""
"131","0413","16",""
"131","0414","16",""
"131","0415","18",""
"131","0416","20",""
"131","0417","22",""
"131","0418","22",""
"131","0419","23",""
"131","0420","24",""
"131","42274","16",""
"131","0372","20",""
"131","0373","21",""
"131","0374","21",""
"131","0375","22",""
"131","0376","25",""
"131","0377","27",""
"131","0378","28",""
"131","0379","29",""
"131","0380","30",""
"131","0381","32",""
"131","0382","32",""
"131","0383","33",""
"131","0384","35",""
"131","0385","36",""
"131","0386","38",""
"131","0387","39",""
"131","0388","40",""
"131","42275","40",""
"131","0389","42",""
"131","0390","43",""
"131","0391","44",""
"131","0392","45",""
"131","0393","46",""
"131","0394","47",""
"131","0395","47",""
"131","41313","48",""
"131","0396","49",""
"141","0289","-1","未發車"
"141","6602","-1","未發車"
"141","6603","-1","未發車"
"141","6604","-1","未發車"
"141","6605","-1","未發車"
"141","6606","-1","未發車"
"141","0017","-1","未發車"
"141","6607","-1","未發車"
"141","6608","-1","未發車"
"141","6609","-1","未發車"
"141","6610","-1","未發車"
"141","6611","-1","未發車"
"141","6612","-1","未發車"
"141","6613","2",""
"141","6614","2",""
"141","6615","4",""
"141","6616","5",""
"141","6617","6",""
"141","6618","7",""
"141","6619","7",""
"141","6620","11",""
"141","6621","12",""
"141","6622","16",""
"141","6626","19",""
"141","6627","19",""
"141","6628","21",""
"141","6629","22",""
"141","6630","23",""
"141","6631","25",""
"141","6632","26",""
"141","6633","1",""
"141","6634","2",""
"141","6635","2",""
"141","6636","3",""
"141","6637","4",""
"141","6639","5",""
"141","0018","6",""
"141","6640","7",""
"141","6641","7",""
"141","6642","9",""
"141","6643","9",""
"141","6644","10",""
"141","6645","12",""
"141","6646","13",""
"141","6647","13",""
"141","6648","16",""
"141","6649","16",""
"141","6650","17",""
"141","6651","18",""
"141","6652","18",""
"211","1422","-1","未發車"
"211","1423","-1","未發車"
"211","1424","-1","未發車"
"211","1425","-1","未發車"
"211","1426","-1","未發車"
"211","1427","1",""
"211","1428","3",""
"211","1429","4",""
"211","1430","4",""
"211","1431","5",""
"211","1432","6",""
"211","1433","7",""
"211","1434","7",""
"211","1435","2",""
"211","1436","3",""
"211","1437","4",""
"211","1438","5",""
"211","1439","7",""
"211","1440","1",""
"211","1442","3",""
"211","1443","5",""
"211","1444","5",""
"211","1445","7",""
"211","1446","8",""
"211","1447","9",""
"211","1448","10",""
"211","1449","11",""
"211","1450","11",""
"211","1451","12",""
"211","1452","14",""
"211","1453","16",""
"211","1454","16",""
"211","1455","17",""
"211","1456","1",""
"211","1457","1",""
"211","1458","2",""
"211","1459","3",""
"211","1460","3",""
"211","1461","4",""
"211","1462","5",""
"211","1463","6",""
"211","1464","7",""
"211","1465","9",""
"211","1466","10",""
"211","1467","11",""
"211","1468","14",""
"211","1469","16",""
"211","1470","17",""
"211","1471","2",""
"211","1472","5",""
"211","1473","6",""
"211","1474","7",""
"211","1475","8",""
"211","1476","10",""
"211","1477","11",""
"211","1478","2",""
"211","1479","5",""
"211","1480","7",""
"211","50575","1",""
"211","50574","2",""
"211","1483","8",""
"211","1484","11",""
"211","1485","11",""
"211","1486","14",""
"211","1487","15",""
"211","1488","18",""
"211","1489","18",""
"211","1490","19",""
"211","1491","2",""
"211","1492","5",""
"211","1493","6",""
"211","1494","6",""
"211","1495","7",""
"211","1496","9",""
"211","1497","9",""
"211","1498","10",""
"211","1499","10",""
"211","1500","12",""
"211","1501","13",""
"211","1502","13",""
"211","39067","14",""
"211","1503","2",""
"211","1504","3",""
"211","1505","4",""
"211","1506","6",""
"211","1507","8",""
"211","1508","1",""
"211","1509","2",""
"211","1510","3",""
"211","1511","4",""
"211","1512","5",""
"211","1513","5",""
"211","1514","7",""
"211","1515","8",""
"211","1516","9",""
"211","1517","10",""
"211","1518","11",""
"211","1519","12",""
"211","1520","13",""
"211","1521","2",""
"211","1522","2",""
"211","1523","3",""
"211","1524","4",""
"211","1525","5",""
"211","1526","6",""
"211","1527","1",""
"211","1528","2",""
"211","1529","2",""
"211","1530","3",""
"211","1531","4",""
"211","1532","5",""
"211","1533","7",""
"211","1534","7",""
"211","1535","8",""
"211","1537","10",""
"211","1538","10",""
"5312","7451","-1","未發車"
"5312","7452","-1","未發車"
"5312","7453","-1","未發車"
"5312","7454","-1","未發車"
"5312","7455","-1","未發車"
"5312","7456","1",""
"5312","7457","3",""
"5312","7458","4",""
"5312","7459","5",""
"5312","7460","6",""
"5312","7461","6",""
"5312","7462","7",""
"5312","7463","8",""
"5312","7464","10",""
"5312","7465","11",""
"5312","7466","13",""
"5312","7467","14",""
"5312","7468","15",""
"5312","7469","16",""
"5312","7470","1",""
"5312","7471","3",""
"5312","7472","4",""
"5312","7473","6",""
"5312","7474","7",""
"5312","7475","9",""
"5312","7476","1",""
"5312","7477","3",""
"5312","7478","4",""
"5312","7479","5",""
"5312","7480","2",""
"5312","7481","4",""
"5312","7482","5",""
"5312","7483","6",""
"5312","7484","7",""
"5312","7485","7",""
"5312","7486","8",""
"5312","7487","10",""
"5230","2205","7",""
"5230","2206","8",""
"5230","2207","10",""
"5230","2208","11",""
"5230","2209","11",""
"5230","2210","11",""
"5230","2211","12",""
"5230","2212","12",""
"5230","2213","13",""
"5230","2214","14",""
"5230","2215","16",""
"5230","2216","16",""
"5230","2217","1",""
"5230","2218","2",""
"5230","2219","2",""
"5230","2220","3",""
"5230","2221","4",""
"5230","40511","6",""
"5230","2222","6",""
"5230","2223","1",""
"5230","42389","1",""
"5230","2224","1",""
"5230","2225","3",""
"5230","2226","4",""
"5230","2227","7",""
"5230","3486","7",""
"5230","2181","-1","未發車"
"5230","2182","-1","未發車"
"5230","3485","-1","未發車"
"5230","2183","-1","未發車"
"5230","2184","-1","未發車"
"5230","42388","-1","未發車"
"5230","2185","-1","未發車"
"5230","2186","-1","未發車"
"5230","40510","-1","未發車"
"5230","2187","-1","未發車"
"5230","2188","-1","未發車"
"5230","2189","-1","未發車"
"5230","2190","-1","未發車"
"5230","2191","-1","未發車"
"5230","2192","-1","未發車"
"5230","2193","-1","未發車"
"5230","2194","-1","未發車"
"5230","2195","-1","未發車"
"5230","2196","-1","未發車"
"5230","2197","-1","未發車"
"5230","2198","-1","未發車"
"5230","2199","-1","未發車"
"5230","2200","-1","未發車"
"5230","2201","-1","未發車"
"5230","2202","2",""
"5230","2203","3",""
"5230","2204","4",""
"226","10661","-1","未發車"
"226","10662","-1","未發車"
"226","10663","-1","未發車"
"226","10664","-1","未發車"
"226","10665","3",""
"226","10666","4",""
"226","10667","4",""
"226","10668","5",""
"226","10669","7",""
"226","10670","8",""
"226","10671","9",""
"226","10672","10",""
"226","10673","11",""
"226","10674","12",""
"226","10675","15",""
"226","10676","16",""
"226","10677","17",""
"226","41368","24",""
"226","41370","28",""
"226","10678","3",""
"226","10679","4",""
"226","10680","4",""
"226","10681","5",""
"226","10682","6",""
"226","10683","6",""
"226","10684","7",""
"226","10685","7",""
"226","10686","8",""
"226","10687","8",""
"226","10688","9",""
"226","10689","9",""
"226","10690","10",""
"226","10691","11",""
"226","10692","11",""
"226","10693","12",""
"226","10694","12",""
"226","10695","12",""
"226","10696","13",""
"226","10697","14",""
"226","10698","15",""
"226","10699","1",""
"226","10700","2",""
"226","10701","3",""
"226","10702","3",""
"226","10703","3",""
"226","10704","4",""
"226","10705","4",""
"226","10706","4",""
"226","10707","5",""
"226","10708","5",""
"226","10709","6",""
"226","10710","6",""
"226","10711","6",""
"226","10712","7",""
"226","10713","8",""
"226","10714","8",""
"226","10715","9",""
"226","10716","9",""
"226","41371","14",""
"226","41369","18",""
"226","10717","2",""
"226","10718","3",""
"226","10719","4",""
"226","10720","6",""
"226","10721","7",""
"226","10722","8",""
"226","10723","10",""
"226","10724","10",""
"226","10725","11",""
"226","10726","12",""
"226","10727","13",""
"226","10728","13",""
"226","10729","15",""
"226","10730","15",""
"226","10731","2",""
"226","10732","2",""
"190","14931","8",""
"190","14932","7",""
"190","14933","8",""
"190","14934","8",""
"190","14935","9",""
"190","14936","9",""
"190","0016","10",""
"190","14937","11",""
"190","14938","12",""
"190","14939","12",""
"190","14940","13",""
"190","14941","14",""
"190","14942","15",""
"190","14943","16",""
"190","14944","17",""
"190","14945","18",""
"190","14946","18",""
"190","14947","19",""
"190","14948","20",""
"190","14949","20",""
"190","14950","20",""
"190","14951","21",""
"190","14952","21",""
"190","1551","22",""
"190","14953","22",""
"190","14954","22",""
"190","14955","23",""
"190","14956","24",""
"190","14957","24",""
"190","14958","24",""
"190","14959","27",""
"190","14960","27",""
"190","1552","28",""
"190","14961","28",""
"190","14962","29",""
"190","14963","30",""
"190","14964","30",""
"190","14965","31",""
"190","14966","32",""
"190","14967","32",""
"190","14968","32",""
"190","14969","33",""
"190","14970","34",""
"190","14971","34",""
"190","14972","35",""
"190","14973","36",""
"190","14974","36",""
"190","14975","1",""
"190","14976","1",""
"190","14977","2",""
"190","4554","2",""
"190","14978","3",""
"190","14979","3",""
"190","14980","4",""
"190","14981","5",""
"190","14982","5",""
"190","14983","7",""
"190","14984","7",""
"190","14985","7",""
"190","14986","8",""
"190","14987","9",""
"190","14988","11",""
"190","14990","15",""
"190","41257","15",""
"190","14871","6",""
"190","14872","8",""
"190","14873","11",""
"190","14874","12",""
"190","14875","13",""
"190","14876","14",""
"190","14877","14",""
"190","14878","15",""
"190","14879","16",""
"190","14880","16",""
"190","14881","17",""
"190","14882","18",""
"190","14883","18",""
"190","4553","19",""
"190","14884","19",""
"190","14885","20",""
"190","14886","20",""
"190","14887","21",""
"190","14888","21",""
"190","14889","22",""
"190","14890","22",""
"190","14891","22",""
"190","14892","23",""
"190","14893","24",""
"190","14894","24",""
"190","14895","25",""
"190","14896","26",""
"190","14897","26",""
"190","14898","27",""
"190","14899","28",""
"190","14900","29",""
"190","1549","30",""
"190","14901","30",""
"190","14902","32",""
"190","14903","34",""
"190","14904","34",""
"190","14905","34",""
"190","14906","35",""
"190","14907","35",""
"190","14908","36",""
"190","1550","37",""
"190","14909","37",""
"190","14910","37",""
"190","14911","1",""
"190","14912","1",""
"190","14913","2",""
"190","14914","2",""
"190","14915","2",""
"190","14916","3",""
"190","14917","4",""
"190","14918","4",""
"190","14919","5",""
"190","14920","5",""
"190","14921","7",""
"190","14922","7",""
"190","14923","8",""
"190","14924","9",""
"190","14925","9",""
"190","0015","10",""
"190","14926","11",""
"190","14927","12",""
"190","14928","12",""
"190","14929","13",""
"190","14930","14",""
"5243","16431","36",""
"5243","16432","37",""
"5243","16433","39",""
"5243","16434","40",""
"5243","16435","41",""
"5243","16436","41",""
"5243","16437","42",""
"5243","16438","42",""
"5243","16439","43",""
"5243","16440","44",""
"5243","16441","45",""
"5243","16442","45",""
"5243","16443","46",""
"5243","16444","48",""
"5243","16445","48",""
"5243","16446","49",""
"5243","16447","50",""
"5243","2178","51",""
"5243","42329","53",""
"5243","2179","53",""
"5243","16448","54",""
"5243","16449","55",""
"5243","16450","55",""
"5243","16451","56",""
"5243","16452","57",""
"5243","16453","57",""
"5243","41292","58",""
"5243","16454","58",""
"5243","16455","59",""
"5243","16456","60",""
"5243","16457","61",""
"5243","16458","62",""
"5243","16459","62",""
"5243","16460","63",""
"5243","39467","64",""
"5243","16461","64",""
"5243","16462","65",""
"5243","16463","66",""
"5243","16464","66",""
"5239","15791","250",""
"5239","15792","250",""
"5239","15793","250",""
"5239","0047","250",""
"5239","15794","250",""
"5239","15795","250",""
"5239","15796","250",""
"5239","15797","250",""
"5239","15798","250",""
"5239","0048","250",""
"5239","15799","250",""
"5239","15800","250",""
"5239","15801","250",""
"5239","15802","250",""
"5239","15803","250",""
"5239","15804","250",""
"5239","15805","250",""
"5239","42600","250",""
"5239","15806","250",""
"5239","15807","250",""
"5239","15808","250",""
"5239","15809","250",""
"5239","15810","250",""
"5239","15811","250",""
"5239","15812","250",""
"5239","15813","250",""
"5239","1936","250",""
"5239","15814","250",""
"5239","15815","250",""
"5239","15816","250",""
"5239","15817","250",""
"5239","15818","250",""
"5239","15819","250",""
"5239","15820","250",""
"5239","15821","250",""
"5239","15822","250",""
"5239","15823","250",""
"5239","15824","250",""
"5239","15825","250",""
"5239","15826","250",""
"5239","15827","250",""
"5239","15828","250",""
"5239","15829","250",""
"5239","15830","250",""
"5239","15831","250",""
"5239","15832","250",""
"5239","15833","250",""
"5239","15834","250",""
"5239","15835","250",""
"5239","15836","250",""
"5239","15837","250",""
"5239","15838","250",""
"5239","1937","250",""
"5239","15839","250",""
"5239","15840","250",""
"5239","15841","250",""
"5239","15842","250",""
"5239","15843","250",""
"5239","15844","250",""
"5239","15845","250",""
"5239","15846","250",""
"5239","15847","250",""
"5239","15848","250",""
"5239","15849","250",""
"5239","15850","250",""
"5239","15851","250",""
"5239","15852","250",""
"5239","15853","250",""
"5239","0049","250",""
"5239","15854","250",""
"5239","15855","250",""
"5239","15856","250",""
"5239","15857","250",""
"5239","15858","250",""
"5239","0050","250",""
"5239","15859","250",""
"5239","15860","250",""
"5239","15861","250",""
"5239","15862","1",""
"1015","24061","254",""
"1015","24062","254",""
"1015","24063","254",""
"1015","24064","254",""
"1015","24065","254",""
"1015","24066","254",""
"1015","39194","254",""
"1015","24067","254",""
"1015","24068","254",""
"1015","24069","254",""
"1015","24070","254",""
"1015","24071","254",""
"1015","24072","254",""
"1015","24073","254",""
"1015","24074","254",""
"1015","24075","254",""
"1015","24077","254",""
"1015","24076","254",""
"1015","24078","254",""
"1015","24079","254",""
"1015","24080","254",""
"1015","24081","254",""
"1015","24082","254",""
"1015","24083","254",""
"1015","41027","254",""
"1015","41028","254",""
"1015","39191","254",""
"1015","40121","254",""
"1015","41031","254",""
"1015","41032","254",""
"1015","24086","254",""
"1015","24087","254",""
"1015","24088","254",""
"1015","24089","254",""
"1015","24090","254",""
"1015","24091","254",""
"1015","24092","2",""
"1015","24093","3",""
"1015","24094","4",""
"1015","24095","5",""
"8029","26101","136",""
"8029","26102","137",""
"8029","26103","139",""
"8029","26104","140",""
"8029","26105","141",""
"8029","26106","144",""
"8029","26107","147",""
"8029","26108","148",""
"8029","26109","149",""
"8029","26110","151",""
"8029","26111","153",""
"8031","26171","27",""
"8031","26172","27",""
"8031","26173","28",""
"8031","26174","28",""
"8031","26175","29",""
"8031","26176","29",""
"8031","26177","30",""
"8031","26178","30",""
"8031","26179","31",""
"8031","26180","31",""
"8031","26181","32",""
"8031","26184","32",""
"8031","26183","33",""
"8031","26185","33",""
"8031","26187","34",""
"8031","26190","34",""
"8031","26191","35",""
"8031","26192","35",""
"8031","26193","36",""
"8031","26194","36",""
"8031","26195","37",""
"8031","26196","37",""
"8031","26197","38",""
"8031","26198","38",""
"8031","26199","39",""
"8031","26200","39",""
"8031","26201","40",""
"8031","26202","40",""
"8031","26203","41",""
"2035","27511","7",""
"2035","27512","9",""
"2035","27513","14",""
"2035","27514","17",""
"2035","27515","2",""
"2035","27516","5",""
"5229","3971","0",""
"5229","3972","2",""
"5229","3973","2",""
"5229","3974","3",""
"5229","3975","5",""
"5229","3976","10",""
"5229","3977","10",""
"5229","3978","11",""
"5229","3979","16",""
"1040","29781","76",""
"1040","29782","77",""
"1040","29783","77",""
"1040","29784","78",""
"1040","29785","78",""
"1040","29786","79",""
"1040","29787","79",""
"1075","32022","6",""
"1075","32023","7",""
"1075","32024","10",""
"1075","32025","12",""
"1075","32026","14",""
"1075","32027","15",""
"1075","32028","16",""
"1075","32029","17",""
"1075","32030","19",""
"1075","32031","21",""
"1075","32032","22",""
"1075","32033","22",""
"1075","32034","22",""
"1075","32035","23",""
"1075","32036","24",""
"1075","32037","24",""
"1075","32038","27",""
"1075","32039","31",""
"1075","32040","34",""
"1075","32041","35",""
"1075","41054","35",""
"1075","41053","36",""
"1075","32042","39",""
"1075","41055","40",""
"1075","32043","42",""
"1075","32044","45",""
"1075","32045","46",""
"1075","32046","48",""
"1075","32047","49",""
"1075","32048","52",""
"1075","32049","52",""
"1075","32050","53",""
"1075","32051","54",""
"1075","32052","54",""
"1075","32053","55",""
"1075","32054","56",""
"1075","32055","57",""
"1075","32056","57",""
"1075","41684","58",""
"1075","41685","59",""
"1075","41686","60",""
"1075","32059","63",""
"1075","32060","65",""
"1075","32061","66",""
"1075","32062","66",""
"1075","32063","66",""
"1075","32064","67",""
"1075","32065","68",""
"1075","32066","71",""
"1075","32067","72",""
"1075","32068","73",""
"1075","32069","74",""
"1075","32070","75",""
"1075","32071","77",""
"1075","32072","78",""
"1075","32073","80",""
"1075","32074","81",""
"1075","32075","83",""
"5623","7151","16",""
"5623","7152","19",""
"5623","7153","20",""
"5623","7154","20",""
"5623","7155","21",""
"5623","7156","21",""
"5623","40734","24",""
"5623","7157","25",""
"5623","7158","26",""
"5623","7159","26",""
"5623","7160","27",""
"5623","7161","30",""
"5623","42196","32",""
"5623","7162","33",""
"5623","7163","-1","未發車"
"5623","42685","42",""
"5623","7164","46",""
"5623","7165","46",""
"5623","7166","50",""
"5623","7167","52",""
"5623","7168","53",""
"5623","7169","53",""
"5623","41254","55",""
"5623","7170","58",""
"5623","7171","58",""
"5623","7172","59",""
"5623","7173","60",""
"5623","7174","63",""
"2008","22641","27",""
"2008","22642","28",""
"2008","22643","29",""
"2008","22644","30",""
"2008","22645","31",""
"2008","22646","33",""
"2008","22647","33",""
"2008","22648","34",""
"2008","22649","35",""
"2008","22650","36",""
"2008","22651","37",""
"2008","22652","37",""
"2008","22653","38",""
"2008","22654","40",""
"2008","22655","41",""
"2008","22656","41",""
"2008","22657","42",""
"2008","22658","42",""
"2008","22659","43",""
"2008","22660","44",""
"2008","22661","44",""
"2008","22662","46",""
"2008","22663","46",""
"2008","22664","46",""
"2008","22665","48",""
"2008","22666","48",""
"2008","22667","50",""
"2008","22668","50",""
"2008","22669","51",""
"2008","22670","52",""
"2008","22671","53",""
"2008","22672","53",""
"2008","22673","54",""
"2008","22674","55",""
"2008","22675","57",""
"2008","22676","57",""
"2008","22677","58",""
"2008","22678","59",""
"2008","22679","60",""
"2008","22680","60",""
"2008","22681","62",""
"2008","22682","62",""
"2008","22683","63",""
"2008","22684","64",""
"2008","22685","65",""
"2008","22686","65",""
"2008","22687","66",""
"2008","22688","66",""
"2008","22689","68",""
"2008","22690","68",""
"2008","22691","69",""
"2008","22692","70",""
"2008","22693","70",""
"9014","27821","2",""
"9014","27822","2",""
"9014","27823","2",""
"9014","27824","3",""
"9014","27825","4",""
"9014","27826","5",""
"9014","27827","7",""
"9014","27828","8",""
"9014","27829","12",""
"9014","27830","15",""
"9014","27831","16",""
"9014","27832","17",""
"9014","27833","17",""
"9014","27834","18",""
"9014","27835","19",""
"9014","27836","20",""
"9014","27837","20",""
"9014","27838","21",""
"9014","27839","22",""
"9014","27840","23",""
"9014","27841","24",""
"9014","27842","25",""
"6014","27231","250",""
"6014","27232","2",""
"6014","27233","3",""
"6014","27234","5",""
"6014","27235","7",""
"6014","27236","9",""
"6014","27237","11",""
"6014","27238","14",""
"6014","27239","15",""
"803","11921","-1","未發車"
"803","11922","-1","未發車"
"803","11923","-1","未發車"
"803","11924","-1","未發車"
"803","11925","-1","未發車"
"803","11926","-1","未發車"
"803","11927","-1","未發車"
"803","11928","-1","未發車"
"803","11929","-1","未發車"
"803","11930","-1","未發車"
"803","11931","-1","未發車"
"803","11932","-1","未發車"
"803","11933","-1","未發車"
"803","11934","-1","未發車"
"803","11935","-1","未發車"
"803","11936","-1","未發車"
"803","11937","3",""
"803","11938","4",""
"803","11939","4",""
"803","11940","5",""
"803","11941","5",""
"803","11942","7",""
"803","11943","7",""
"803","11944","8",""
"803","11945","8",""
"803","11946","9",""
"803","11947","10",""
"803","11948","11",""
"803","11949","12",""
"803","11950","12",""
"803","11951","13",""
"803","11952","14",""
"803","11953","15",""
"803","11954","16",""
"803","11955","16",""
"803","11956","17",""
"803","11957","17",""
"803","11958","17",""
"803","11959","2",""
"803","1153","2",""
"803","11960","3",""
"803","11961","4",""
"803","11962","5",""
"803","11963","6",""
"803","11964","7",""
"803","11965","8",""
"803","11966","9",""
"803","11967","10",""
"803","11968","11",""
"803","11969","11",""
"803","11970","12",""
"803","11971","13",""
"803","11972","14",""
"803","11973","15",""
"803","11974","16",""
"803","11975","16",""
"803","11976","17",""
"803","11977","17",""
"803","11978","18",""
"803","11979","20",""
"803","11980","21",""
"803","11981","22",""
"803","11982","23",""
"803","11983","24",""
"803","11984","25",""
"803","11985","25",""
"803","11986","26",""
"803","11987","27",""
"803","11988","1",""
"803","11989","2",""
"803","11990","4",""
"803","11991","5",""
"803","11992","6",""
"803","11993","6",""
"5663","21555","37",""
"5663","21556","37",""
"5663","21557","38",""
"5663","21558","39",""
"5663","21559","39",""
"5663","21560","40",""
"5663","21561","40",""
"5663","21562","40",""
"5663","21563","41",""
"5663","21564","43",""
"5663","21565","45",""
"5663","21566","49",""
"5663","21567","50",""
"5663","21568","50",""
"5663","21569","51",""
"5663","21570","56",""
"5663","21571","56",""
"5663","21572","57",""
"5663","21573","58",""
"5663","21574","59",""
"5663","21578","60",""
"5663","21579","60",""
"5663","21580","61",""
"5663","21581","61",""
"5663","21582","63",""
"5663","21583","63",""
"5663","21584","63",""
"5663","21585","64",""
"5663","21586","65",""
"5663","21587","65",""
"5663","21588","66",""
"5663","21589","67",""
"5663","21590","67",""
"5663","21591","68",""
"5663","21592","69",""
"5663","21593","70",""
"5663","21594","71",""
"5663","21595","72",""
"5663","40541","72",""
"5663","21596","73",""
"5663","21597","74",""
"5663","21598","75",""
"5663","21599","76",""
"5663","21600","76",""
"5663","21601","77",""
"5663","21602","78",""
"5663","21603","79",""
"5663","21604","79",""
"5663","21605","82",""
"5663","21606","87",""
"5663","21607","88",""
"5663","21608","91",""
"5663","21609","2",""
"5663","21610","3",""
"5663","21611","4",""
"5663","21612","6",""
"5663","21613","7",""
"5663","21614","7",""
"5663","21615","9",""
"5663","21616","10",""
"5663","21617","11",""
"5663","21494","51",""
"5663","21495","52",""
"5663","21496","53",""
"5663","21497","55",""
"5663","21498","56",""
"5663","21499","57",""
"5663","21500","58",""
"5663","21501","63",""
"5663","21502","63",""
"5663","21503","67",""
"5663","21504","69",""
"5663","21505","69",""
"5663","21506","70",""
"5663","21507","71",""
"5663","21508","71",""
"5663","21509","72",""
"5663","21510","72",""
"5663","21511","73",""
"5663","40540","73",""
"5663","21512","74",""
"5663","21513","75",""
"5663","21514","75",""
"5663","21515","76",""
"5663","21516","77",""
"5663","21517","77",""
"5663","21518","78",""
"5663","21519","79",""
"5663","21520","79",""
"5663","21521","80",""
"5663","21522","81",""
"5663","21523","81",""
"5663","21524","82",""
"5663","21525","82",""
"5663","21526","83",""
"5663","21527","84",""
"5663","21528","85",""
"5663","21529","86",""
"5663","39619","87",""
"5663","21530","87",""
"5663","21531","88",""
"5663","21535","89",""
"5663","21536","89",""
"5663","21537","90",""
"5663","21538","90",""
"5663","21539","91",""
"5663","21540","91",""
"5663","21541","92",""
"5663","21542","92",""
"5663","21543","93",""
"5663","21544","93",""
"5663","21545","95",""
"5663","21546","98",""
"5663","21547","98",""
"5663","21548","98",""
"5663","21549","98",""
"5663","21550","99",""
"5663","21551","100",""
"5663","21552","100",""
"5663","21553","101",""
"5663","21554","101",""
"127","12451","1",""
"127","12452","2",""
"127","12453","3",""
"127","12454","3",""
"127","12455","4",""
"127","12456","5",""
"127","12457","5",""
"127","12458","6",""
"127","12459","7",""
"127","12460","7",""
"127","12461","9",""
"127","12462","9",""
"127","12463","11",""
"127","12464","11",""
"127","12465","12",""
"127","12466","12",""
"127","12467","13",""
"127","12468","14",""
"127","12469","14",""
"127","12470","15",""
"127","12471","16",""
"127","12472","16",""
"127","12473","17",""
"127","12474","18",""
"127","12475","18",""
"127","12476","19",""
"127","12477","19",""
"127","12478","20",""
"127","12479","21",""
"127","12480","21",""
"127","12481","22",""
"127","12482","22",""
"127","12483","23",""
"127","12484","23",""
"127","12485","24",""
"127","12486","25",""
"127","12487","25",""
"127","12488","26",""
"127","12489","26",""
"127","12490","27",""
"127","12491","27",""
"127","12492","27",""
"127","12493","28",""
"127","12494","29",""
"127","12495","29",""
"127","12496","30",""
"127","12497","31",""
"127","12498","31",""
"127","12499","32",""
"127","12500","32",""
"127","12501","33",""
"127","12502","33",""
"127","12503","35",""
"127","12504","36",""
"127","12505","37",""
"127","12506","38",""
"127","12507","40",""
"127","12508","40",""
"127","12509","40",""
"127","12510","41",""
"127","12511","42",""
"127","12512","43",""
"127","12513","44",""
"127","12514","45",""
"127","12515","46",""
"127","12516","46",""
"127","12517","47",""
"127","12518","47",""
"127","12519","48",""
"127","12520","49",""
"127","12521","49",""
"127","12522","50",""
"127","12523","50",""
"127","12524","50",""
"127","12525","51",""
"127","12526","52",""
"127","12527","52",""
"127","12528","53",""
"127","12529","54",""
"127","12530","55",""
"127","12531","55",""
"127","12532","56",""
"127","12533","57",""
"127","12534","57",""
"127","12535","57",""
"127","12536","58",""
"127","12537","59",""
"128","19482","250",""
"128","19483","250",""
"128","19484","250",""
"128","19485","250",""
"128","19486","250",""
"128","19487","250",""
"128","19488","250",""
"128","19489","250",""
"128","19490","250",""
"128","19491","250",""
"128","19492","250",""
"128","19493","250",""
"128","19494","250",""
"128","19495","250",""
"128","19496","250",""
"128","19497","250",""
"128","19498","250",""
"128","19499","250",""
"128","19500","250",""
"128","19501","250",""
"128","19502","250",""
"128","19503","250",""
"128","19504","250",""
"128","19505","250",""
"128","19506","250",""
"128","19507","250",""
"128","19508","250",""
"128","19509","1",""
"128","19510","2",""
"128","19511","2",""
"128","19512","3",""
"128","19513","5",""
"128","19514","5",""
"128","19515","6",""
"128","19516","6",""
"128","19517","7",""
"128","19518","7",""
"128","19519","8",""
"128","19520","8",""
"128","19521","9",""
"128","19522","9",""
"128","19523","9",""
"128","19524","10",""
"128","19525","10",""
"128","19526","11",""
"128","19527","12",""
"128","19528","12",""
"128","19529","13",""
"128","19530","13",""
"128","19531","14",""
"128","19532","14",""
"128","19533","15",""
"128","19534","16",""
"128","19535","17",""
"128","19536","18",""
"128","19537","20",""
"128","19538","21",""
"128","19539","22",""
"128","19540","22",""
"128","19541","22",""
"128","19542","23",""
"128","19543","24",""
"128","19544","24",""
"128","19545","25",""
"128","19546","26",""
"128","19547","26",""
"128","19548","27",""
"128","19549","27",""
"128","19550","28",""
"482","32406","-1","未發車"
"482","32407","-1","未發車"
"482","32408","-1","未發車"
"482","32409","-1","未發車"
"482","32410","-1","未發車"
"482","32411","-1","未發車"
"482","32412","-1","未發車"
"482","32413","-1","未發車"
"482","32414","1",""
"482","32415","2",""
"482","32416","2",""
"482","32417","3",""
"482","32418","4",""
"482","32419","5",""
"482","32420","5",""
"482","32421","6",""
"482","32422","7",""
"482","32423","7",""
"482","32424","8",""
"482","32425","10",""
"482","32426","11",""
"482","32427","1",""
"482","32428","3",""
"482","32429","4",""
"482","32430","5",""
"482","32431","6",""
"482","32432","7",""
"482","32433","8",""
"482","32434","9",""
"482","32435","9",""
"482","32436","11",""
"482","32437","2",""
"482","32438","5",""
"482","32439","7",""
"482","32440","2",""
"482","32441","4",""
"482","32442","7",""
"482","32443","2",""
"482","32444","4",""
"482","32445","7",""
"482","32446","8",""
"482","32447","9",""
"482","32448","2",""
"482","32449","4",""
"482","32450","5",""
"482","32451","8",""
"482","32452","9",""
"482","32453","10",""
"482","32454","11",""
"482","32455","12",""
"482","1160","13",""
"482","32456","14",""
"482","32457","19",""
"482","32458","21",""
"482","32459","23",""
"482","32460","26",""
"482","32461","3",""
"482","32462","5",""
"482","32463","8",""
"482","32464","9",""
"482","32465","10",""
"482","32466","10",""
"482","32467","10",""
"482","32468","12",""
"482","32469","12",""
"482","32470","13",""
"482","32471","15",""
"482","32472","16",""
"482","32473","17",""
"482","32474","18",""
"482","32475","19",""
"482","32476","21",""
"482","32477","22",""
"482","32478","23",""
"482","32479","23",""
"482","32480","24",""
"482","32481","1",""
"482","32482","2",""
"482","32483","3",""
"482","32484","3",""
"482","32485","4",""
"482","32486","4",""
"482","32487","5",""
"482","32488","7",""
"482","32489","8",""
"482","32490","8",""
"482","32491","9",""
"482","32492","9",""
"482","32493","9",""
"482","32494","10",""
"482","32495","11",""
"484","32535","3",""
"484","32536","4",""
"484","32537","6",""
"484","32538","6",""
"484","32539","7",""
"484","32540","8",""
"484","32541","9",""
"484","32542","10",""
"484","32544","11",""
"484","32545","15",""
"484","32546","18",""
"484","32547","22",""
"484","32548","25",""
"484","32549","32",""
"484","32550","35",""
"484","32551","38",""
"484","32552","41",""
"484","32553","43",""
"484","32554","44",""
"484","32555","45",""
"484","32556","46",""
"484","32557","47",""
"484","32558","48",""
"484","32559","50",""
"484","32560","52",""
"484","32561","53",""
"484","32562","54",""
"484","32563","54",""
"484","32564","55",""
"484","32565","55",""
"484","32566","56",""
"484","32567","57",""
"484","32568","58",""
"484","32569","59",""
"484","32570","60",""
"484","39354","61",""
"484","39356","62",""
"484","39355","16",""
"484","39353","17",""
"484","32508","18",""
"484","32509","19",""
"484","32510","20",""
"484","32511","1",""
"484","32512","2",""
"484","32513","3",""
"484","32514","4",""
"484","32515","4",""
"484","32516","5",""
"484","32517","6",""
"484","32518","8",""
"484","32519","1",""
"484","32520","3",""
"484","32521","5",""
"484","32522","6",""
"484","32523","7",""
"484","32524","9",""
"484","32525","9",""
"484","32526","10",""
"484","32527","12",""
"484","32528","16",""
"484","32529","21",""
"484","32530","25",""
"484","32531","32",""
"484","32532","35",""
"484","32533","39",""
"484","1544","41",""
"484","40345","43",""
"484","32534","3",""
"157","33126","2",""
"157","33127","3",""
"157","33128","4",""
"157","33129","3",""
"157","33130","5",""
"157","33131","7",""
"157","33132","8",""
"157","33133","1",""
"157","33134","2",""
"157","33135","1",""
"157","33136","2",""
"157","2249","2",""
"157","33137","3",""
"157","33138","4",""
"157","33139","5",""
"157","33140","6",""
"157","33141","7",""
"157","33142","8",""
"157","33143","12",""
"157","33144","13",""
"157","33145","13",""
"157","33146","15",""
"157","33147","15",""
"157","33148","16",""
"157","33149","17",""
"157","33150","18",""
"157","33151","2",""
"157","33152","4",""
"157","33153","5",""
"157","33154","6",""
"157","33155","2",""
"157","33156","3",""
"157","33157","4",""
"157","33158","5",""
"157","33159","6",""
"157","33160","7",""
"157","33161","8",""
"157","33162","9",""
"157","33163","9",""
"157","33164","10",""
"157","33165","10",""
"157","33087","-1","未發車"
"157","33088","-1","未發車"
"157","33089","-1","未發車"
"157","33090","-1","未發車"
"157","33091","1",""
"157","33092","3",""
"157","33093","4",""
"157","33094","7",""
"157","33095","1",""
"157","33096","2",""
"157","33097","4",""
"157","33098","1",""
"157","33099","2",""
"157","33100","4",""
"157","33101","7",""
"157","39649","7",""
"157","33102","8",""
"157","33103","8",""
"157","33104","3",""
"157","33105","3",""
"157","33106","4",""
"157","33107","6",""
"157","33108","2",""
"157","33109","3",""
"157","33110","7",""
"157","33111","2",""
"157","33112","2",""
"157","33113","3",""
"157","33114","6",""
"157","33115","6",""
"157","33116","7",""
"157","33117","9",""
"157","33118","10",""
"157","33119","1",""
"157","33120","2",""
"157","33121","4",""
"157","33122","6",""
"157","33123","8",""
"157","33124","9",""
"157","33125","11",""
"5410","33502","25",""
"5410","33503","2",""
"5410","33504","5",""
"5410","33505","6",""
"5410","33506","9",""
"5410","33507","10",""
"5410","33508","11",""
"5410","33509","12",""
"5410","33510","14",""
"5410","33511","15",""
"5410","33512","16",""
"5410","33515","17",""
"5410","33516","19",""
"5410","33517","20",""
"5410","33518","20",""
"5410","33519","21",""
"5410","55859","22",""
"5410","33520","23",""
"5410","33521","25",""
"5410","33522","25",""
"5410","33523","25",""
"5410","33524","26",""
"5410","33525","27",""
"5410","33526","27",""
"5410","33527","28",""
"5410","38979","29",""
"5410","1385","29",""
"5410","1386","29",""
"5410","1387","29",""
"5410","1388","30",""
"5410","1389","30",""
"5410","1390","31",""
"5410","1391","32",""
"5410","1394","32",""
"5410","1395","34",""
"5410","1396","34",""
"5410","1397","35",""
"5410","1398","36",""
"5410","1399","37",""
"5410","38982","37",""
"5410","33528","37",""
"5410","38977","38",""
"5410","33529","38",""
"5410","33530","38",""
"5410","33531","39",""
"5410","33532","40",""
"5410","33533","41",""
"5410","33534","41",""
"5410","33535","42",""
"5410","33536","42",""
"5410","33537","43",""
"5410","33538","45",""
"5410","33539","45",""
"5410","33540","46",""
"5410","33541","47",""
"5410","33542","2",""
"5410","33543","3",""
"5410","33544","4",""
"5410","33545","5",""
"5410","33546","6",""
"5410","33547","9",""
"5410","33455","17",""
"5410","33456","17",""
"5410","33457","19",""
"5410","33458","21",""
"5410","33459","22",""
"5410","33460","23",""
"5410","33461","26",""
"5410","33462","27",""
"5410","33463","1",""
"5410","33464","3",""
"5410","33465","3",""
"5410","33466","5",""
"5410","33467","5",""
"5410","33468","6",""
"5410","33469","6",""
"5410","33470","7",""
"5410","33471","8",""
"5410","33472","8",""
"5410","33473","9",""
"5410","33474","10",""
"5410","38976","10",""
"5410","33475","10",""
"5410","1372","11",""
"5410","1373","11",""
"5410","1374","12",""
"5410","1375","12",""
"5410","1376","13",""
"5410","1377","13",""
"5410","1378","13",""
"5410","1379","15",""
"5410","1380","15",""
"5410","1381","16",""
"5410","1382","17",""
"5410","1383","18",""
"5410","38981","18",""
"5410","1384","18",""
"5410","38978","18",""
"5410","33476","19",""
"5410","33477","20",""
"5410","33478","20",""
"5410","33479","21",""
"5410","33480","1",""
"5410","33481","2",""
"5410","33482","2",""
"5410","33483","3",""
"5410","55858","3",""
"5410","33484","4",""
"5410","33485","5",""
"5410","33486","6",""
"5410","33487","6",""
"5410","33488","7",""
"5410","33489","9",""
"5410","33491","10",""
"5410","33492","10",""
"5410","33493","11",""
"5410","33494","12",""
"5410","33495","13",""
"5410","33496","14",""
"5410","33497","16",""
"5410","33498","19",""
"5410","33499","20",""
"5410","33500","23",""
"5410","33501","24",""
"5215","33601","124",""
"5215","33602","126",""
"5215","33603","127",""
"5215","33604","129",""
"5215","33605","129",""
"5215","33606","130",""
"5215","33607","131",""
"5215","33608","133",""
"5215","33609","134",""
"5215","34433","2",""
"5215","45949","2",""
"5215","34434","3",""
"5215","34435","3",""
"5215","3567","5",""
"5215","34436","5",""
"5215","33610","6",""
"5215","34437","8",""
"5215","34438","13",""
"5215","34439","14",""
"5215","34440","14",""
"5215","34441","15",""
"5215","34442","17",""
"5215","34443","18",""
"5215","34444","19",""
"5215","34445","20",""
"5215","34446","21",""
"5215","34447","23",""
"5215","33611","24",""
"5215","33612","26",""
"5215","33613","27",""
"5215","33614","30",""
"5215","33615","32",""
"5215","33616","33",""
"5215","33617","33",""
"5215","33618","34",""
"5215","33619","34",""
"5215","33620","35",""
"5215","33621","35",""
"5215","33559","76",""
"5215","33560","76",""
"5215","33561","77",""
"5215","33562","77",""
"5215","33563","78",""
"5215","33564","79",""
"5215","33565","79",""
"5215","33566","80",""
"5215","33567","83",""
"5215","34431","84",""
"5215","33568","85",""
"5215","33569","87",""
"5215","33570","88",""
"5215","33571","89",""
"5215","33572","90",""
"5215","33573","91",""
"5215","33574","92",""
"5215","33575","93",""
"5215","33576","95",""
"5215","33577","95",""
"5215","33578","96",""
"5215","33579","97",""
"5215","33580","97",""
"5215","33581","97",""
"5215","34432","99",""
"5215","33582","102",""
"5215","33583","103",""
"5215","3566","103",""
"5215","33584","104",""
"5215","33585","105",""
"5215","45948","105",""
"5215","33586","105",""
"5215","33587","108",""
"5215","33588","111",""
"5215","33589","111",""
"5215","33590","112",""
"5215","33591","112",""
"5215","33592","114",""
"5215","33593","115",""
"5215","33594","117",""
"5215","33595","118",""
"5215","33596","119",""
"5215","33597","120",""
"5215","33598","120",""
"5215","33599","123",""
"5215","33600","124",""
"485","33783","23",""
"485","33784","2",""
"485","33785","3",""
"485","33787","3",""
"485","33788","4",""
"485","33789","4",""
"485","33790","6",""
"485","33791","9",""
"485","33793","12",""
"485","33794","13",""
"485","33796","14",""
"485","33797","16",""
"485","33798","17",""
"485","33799","19",""
"485","33800","20",""
"485","33801","21",""
"485","33802","22",""
"485","33803","3",""
"485","33804","3",""
"485","33805","5",""
"485","33806","6",""
"485","33807","6",""
"485","33808","7",""
"485","33809","8",""
"485","33810","8",""
"485","33811","9",""
"485","33812","10",""
"485","33813","11",""
"485","33814","11",""
"485","33815","12",""
"485","3659","1",""
"485","33816","2",""
"485","33817","7",""
"485","33818","9",""
"485","33819","10",""
"485","33820","11",""
"485","1855","13",""
"485","33821","14",""
"485","33822","15",""
"485","33823","15",""
"485","33824","16",""
"485","33825","17",""
"485","33826","2",""
"485","33827","2",""
"485","33828","3",""
"485","1856","4",""
"485","33829","5",""
"485","33830","5",""
"485","33831","6",""
"485","33832","6",""
"485","33833","7",""
"485","33834","8",""
"485","33835","9",""
"485","33836","10",""
"485","33837","11",""
"485","33838","12",""
"485","33839","13",""
"485","33840","14",""
"485","33841","14",""
"485","33722","-1","未發車"
"485","33723","-1","未發車"
"485","33724","-1","未發車"
"485","33725","-1","未發車"
"485","33726","-1","未發車"
"485","33727","-1","未發車"
"485","33728","-1","未發車"
"485","33729","-1","未發車"
"485","33730","-1","未發車"
"485","33731","-1","未發車"
"485","33732","-1","未發車"
"485","33733","-1","未發車"
"485","1854","2",""
"485","33734","3",""
"485","33735","3",""
"485","33736","4",""
"485","33737","5",""
"485","33738","5",""
"485","33739","7",""
"485","33740","8",""
"485","33741","9",""
"485","33742","9",""
"485","33743","11",""
"485","33744","12",""
"485","33745","15",""
"485","33746","16",""
"485","33747","16",""
"485","33748","2",""
"485","3658","2",""
"485","33749","4",""
"485","33750","6",""
"485","33751","7",""
"485","33752","8",""
"485","33753","8",""
"485","33754","9",""
"485","33755","10",""
"485","33756","11",""
"485","33757","12",""
"485","33758","12",""
"485","33759","14",""
"485","33760","14",""
"485","33761","15",""
"485","33762","16",""
"485","33763","18",""
"485","33764","19",""
"485","33765","21",""
"485","33766","23",""
"485","33767","3",""
"485","33768","4",""
"485","33770","6",""
"485","33771","7",""
"485","33773","11",""
"485","33774","14",""
"485","33775","16",""
"485","33776","17",""
"485","2248","17",""
"485","33777","18",""
"485","33778","19",""
"485","33779","20",""
"485","33780","21",""
"485","33781","21",""
"485","33782","22",""
"436","33280","3",""
"436","33281","5",""
"436","33282","6",""
"436","33283","9",""
"436","33284","2",""
"436","33285","3",""
"436","33286","3",""
"436","33287","3",""
"436","33288","5",""
"436","33289","5",""
"436","33290","6",""
"436","33291","8",""
"436","33292","9",""
"436","33293","9",""
"436","33294","12",""
"436","33295","13",""
"436","33296","15",""
"436","33297","15",""
"436","33298","16",""
"436","33299","1",""
"436","33300","2",""
"436","33301","4",""
"436","33302","4",""
"436","33303","5",""
"436","39392","7",""
"436","39391","8",""
"436","39389","9",""
"436","39387","1",""
"436","39386","-1","未發車"
"436","39388","-1","未發車"
"436","39390","-1","未發車"
"436","33250","-1","未發車"
"436","33251","-1","未發車"
"436","33252","1",""
"436","33253","3",""
"436","33254","4",""
"436","33255","6",""
"436","33256","7",""
"436","33257","8",""
"436","33258","10",""
"436","33259","2",""
"436","33260","5",""
"436","33261","5",""
"436","33262","6",""
"436","33263","7",""
"436","33264","3",""
"436","33265","3",""
"436","33266","5",""
"436","33267","6",""
"436","33268","6",""
"436","33269","7",""
"436","33270","8",""
"436","33271","9",""
"436","33272","11",""
"436","33273","15",""
"436","33274","16",""
"436","33275","1",""
"436","33276","3",""
"436","33277","5",""
"436","33278","6",""
"436","33279","2",""
"438","33385","-1","未發車"
"438","33386","-1","未發車"
"438","33387","-1","未發車"
"438","33388","-1","未發車"
"438","33389","-1","未發車"
"438","33390","2",""
