"RouteID","StationId","EstimateTime","Memo"
"113","4002","250",""
"113","4003","250",""
"113","4004","250",""
"113","4005","250",""
"113","4006","250",""
"113","4007","250",""
"113","4008","250",""
"113","4009","250",""
"113","4010","1",""
"113","4011","3",""
"113","4012","4",""
"113","4013","6",""
"113","4014","6",""
"113","4015","6",""
"113","4016","7",""
"113","4017","8",""
"113","4018","8",""
"113","4019","10",""
"113","4020","10",""
"113","4021","11",""
"113","4022","12",""
"113","4023","13",""
"113","4024","14",""
"113","4025","15",""
"113","4026","15",""
"113","4027","16",""
"113","4028","17",""
"113","4029","18",""
"113","4030","19",""
"113","4031","19",""
"113","38997","20",""
"113","4032","21",""
"113","4033","22",""
"113","4034","23",""
"113","4035","24",""
"113","4036","26",""
"113","4037","27",""
"113","4038","30",""
"113","4039","30",""
"113","4040","31",""
"113","4041","32",""
"113","4042","33",""
"113","4043","35",""
"113","4044","36",""
"113","4045","37",""
"113","4046","38",""
"113","4047","41",""
"113","39650","41",""
"113","4048","42",""
"113","4049","43",""
"113","4050","44",""
"113","4051","45",""
"113","4052","46",""
"113","4053","47",""
"113","4054","49",""
"113","4055","51",""
"113","4082","56",""
"113","4083","57",""
"113","4084","57",""
"113","4085","61",""
"113","4086","62",""
"113","4087","62",""
"113","4088","63",""
"113","4089","65",""
"113","4090","67",""
"113","4091","68",""
"113","4092","70",""
"113","4093","72",""
"113","4094","72",""
"113","4095","73",""
"113","4096","74",""
"113","4097","76",""
"113","4098","76",""
"113","4099","79",""
"113","4100","80",""
"113","4101","80",""
"113","4102","82",""
"113","4103","82",""
"113","4104","83",""
"113","38998","84",""
"113","4106","85",""
"113","4107","1",""
"113","4108","2",""
"113","4109","5",""
"113","4110","7",""
"113","4111","7",""
"113","4112","7",""
"113","4113","8",""
"113","4114","9",""
"113","4115","10",""
"113","4116","10",""
"113","4117","12",""
"113","4118","12",""
"113","4119","14",""
"113","4120","16",""
"113","4121","16",""
"113","4122","17",""
"113","4124","18",""
"113","4125","19",""
"113","4126","20",""
"113","4127","22",""
"113","4128","22",""
"113","4129","25",""
"113","4130","26",""
"113","4131","27",""
"113","4132","28",""
"113","4133","30",""
"113","4134","30",""
"113","4135","32",""
"131","41314","232",""
"131","0397","233",""
"131","0398","233",""
"131","0399","234",""
"131","0400","235",""
"131","0401","236",""
"131","0402","237",""
"131","0403","237",""
"131","42276","238",""
"131","0404","240",""
"131","0405","241",""
"131","0406","242",""
"131","0407","242",""
"131","0408","244",""
"131","0409","246",""
"131","0410","247",""
"131","0411","248",""
"131","0412","250",""
"131","0413","250",""
"131","0414","250",""
"131","0415","250",""
"131","0416","250",""
"131","0417","250",""
"131","0418","250",""
"131","0419","250",""
"131","0420","250",""
"131","42274","197",""
"131","0372","202",""
"131","0373","202",""
"131","0374","203",""
"131","0375","204",""
"131","0376","206",""
"131","0377","208",""
"131","0378","210",""
"131","0379","212",""
"131","0380","212",""
"131","0381","214",""
"131","0382","215",""
"131","0383","216",""
"131","0384","218",""
"131","0385","218",""
"131","0386","220",""
"131","0387","221",""
"131","0388","222",""
"131","42275","223",""
"131","0389","224",""
"131","0390","225",""
"131","0391","226",""
"131","0392","226",""
"131","0393","227",""
"131","0394","228",""
"131","0395","229",""
"131","41313","230",""
"131","0396","230",""
"141","6622","49",""
"141","6626","52",""
"141","6627","53",""
"141","6628","54",""
"141","6629","55",""
"141","6630","56",""
"141","6631","57",""
"141","6632","57",""
"141","6633","58",""
"141","6634","59",""
"141","6635","60",""
"141","6636","60",""
"141","6637","61",""
"141","6639","62",""
"141","0018","63",""
"141","6640","64",""
"141","6641","65",""
"141","6642","1",""
"141","6643","2",""
"141","6644","2",""
"141","6645","5",""
"141","6646","6",""
"141","6647","6",""
"141","6648","10",""
"141","6649","11",""
"141","6650","12",""
"141","6651","12",""
"141","6652","13",""
"141","0289","17",""
"141","6602","24",""
"141","6603","25",""
"141","6604","25",""
"141","6605","25",""
"141","6606","27",""
"141","0017","27",""
"141","6607","29",""
"141","6608","30",""
"141","6609","31",""
"141","6610","31",""
"141","6611","32",""
"141","6612","33",""
"141","6613","34",""
"141","6614","34",""
"141","6615","36",""
"141","6616","37",""
"141","6617","39",""
"141","6618","41",""
"141","6619","41",""
"141","6620","45",""
"141","6621","46",""
"1112","10201","2",""
"1112","10202","3",""
"1112","10203","4",""
"1112","10204","4",""
"1112","10205","5",""
"1112","10206","5",""
"1112","10207","6",""
"1112","10208","6",""
"1112","10209","6",""
"1112","10210","7",""
"1112","10211","8",""
"1112","10212","8",""
"1112","10213","9",""
"1112","10214","9",""
"1112","10215","11",""
"1112","10216","12",""
"1112","10217","13",""
"1112","10218","14",""
"1112","10219","15",""
"1112","10220","16",""
"1112","10221","17",""
"1112","10222","17",""
"1112","10223","19",""
"1112","10224","20",""
"1112","10226","20",""
"1112","10225","22",""
"1112","10227","24",""
"1112","10228","25",""
"1112","10229","26",""
"1112","10230","28",""
"1112","10231","29",""
"1112","10232","31",""
"1112","10233","33",""
"1112","10234","35",""
"1112","10235","37",""
"1112","10236","38",""
"1112","10237","39",""
"1112","10238","39",""
"1112","10239","41",""
"1112","10240","41",""
"1112","10241","41",""
"1112","10242","41",""
"1112","10243","42",""
"1112","10244","42",""
"1112","10245","43",""
"1112","40122","44",""
"1112","10247","46",""
"1112","10248","46",""
"211","1422","-1","未發車"
"211","1423","2",""
"211","1424","2",""
"211","1425","4",""
"211","1426","5",""
"211","1427","5",""
"211","1428","6",""
"211","1429","7",""
"211","1430","8",""
"211","1431","9",""
"211","1432","10",""
"211","1433","11",""
"211","1434","12",""
"211","1435","13",""
"211","1436","14",""
"211","1437","16",""
"211","1438","18",""
"211","1439","19",""
"211","1440","20",""
"211","1442","21",""
"211","1443","23",""
"211","1444","23",""
"211","1445","25",""
"211","1446","26",""
"211","1447","1",""
"211","1448","2",""
"211","1449","3",""
"211","1450","4",""
"211","1451","5",""
"211","1452","6",""
"211","1453","8",""
"211","1454","9",""
"211","1455","9",""
"211","1456","12",""
"211","1457","12",""
"211","1458","13",""
"211","1459","1",""
"211","1460","2",""
"211","1461","3",""
"211","1462","4",""
"211","1463","4",""
"211","1464","6",""
"211","1465","7",""
"211","1466","9",""
"211","1467","10",""
"211","1468","12",""
"211","1469","13",""
"211","1470","14",""
"211","1471","16",""
"211","1472","18",""
"211","1473","20",""
"211","1474","21",""
"211","1475","22",""
"211","1476","24",""
"211","1477","25",""
"211","1478","5",""
"211","1479","7",""
"211","1480","10",""
"211","50575","10",""
"211","50574","11",""
"211","1483","18",""
"211","1484","19",""
"211","1485","20",""
"211","1486","3",""
"211","1487","4",""
"211","1488","6",""
"211","1489","7",""
"211","1490","8",""
"211","1491","9",""
"211","1492","12",""
"211","1493","13",""
"211","1494","13",""
"211","1495","14",""
"211","1496","15",""
"211","1497","15",""
"211","1498","16",""
"211","1499","17",""
"211","1500","18",""
"211","1501","18",""
"211","1502","18",""
"211","39067","19",""
"211","1503","3",""
"211","1504","4",""
"211","1505","4",""
"211","1506","6",""
"211","1507","8",""
"211","1508","9",""
"211","1509","10",""
"211","1510","11",""
"211","1511","12",""
"211","1512","13",""
"211","1513","13",""
"211","1514","16",""
"211","1515","17",""
"211","1516","18",""
"211","1517","19",""
"211","1518","1",""
"211","1519","2",""
"211","1520","3",""
"211","1521","5",""
"211","1522","6",""
"211","1523","7",""
"211","1524","8",""
"211","1525","9",""
"211","1526","10",""
"211","1527","10",""
"211","1528","11",""
"211","1529","12",""
"211","1530","13",""
"211","1531","13",""
"211","1532","15",""
"211","1533","16",""
"211","1534","17",""
"211","1535","17",""
"211","1537","21",""
"211","1538","22",""
"5312","7451","-1","未發車"
"5312","7452","1",""
"5312","7453","3",""
"5312","7454","3",""
"5312","7455","4",""
"5312","7456","4",""
"5312","7457","5",""
"5312","7458","6",""
"5312","7459","8",""
"5312","7460","9",""
"5312","7461","10",""
"5312","7462","11",""
"5312","7463","12",""
"5312","7464","14",""
"5312","7465","15",""
"5312","7466","17",""
"5312","7467","17",""
"5312","7468","18",""
"5312","7469","19",""
"5312","7470","22",""
"5312","7471","24",""
"5312","7472","25",""
"5312","7473","2",""
"5312","7474","2",""
"5312","7475","5",""
"5312","7476","7",""
"5312","7477","10",""
"5312","7478","11",""
"5312","7479","11",""
"5312","7480","13",""
"5312","7481","13",""
"5312","7482","14",""
"5312","7483","15",""
"5312","7484","15",""
"5312","7485","16",""
"5312","7486","17",""
"5312","7487","19",""
"5230","2181","-1","未發車"
"5230","2182","-1","未發車"
"5230","3485","-1","未發車"
"5230","2183","-1","未發車"
"5230","2184","-1","未發車"
"5230","42388","-1","未發車"
"5230","2185","-1","未發車"
"5230","2186","-1","未發車"
"5230","40510","-1","未發車"
"5230","2187","-1","未發車"
"5230","2188","-1","未發車"
"5230","2189","-1","未發車"
"5230","2190","-1","未發車"
"5230","2191","1",""
"5230","2192","1",""
"5230","2193","2",""
"5230","2194","3",""
"5230","2195","4",""
"5230","2196","4",""
"5230","2197","5",""
"5230","2198","5",""
"5230","2199","6",""
"5230","2200","6",""
"5230","2201","7",""
"5230","2202","9",""
"5230","2203","10",""
"5230","2204","12",""
"5230","2205","16",""
"5230","2206","17",""
"5230","2207","20",""
"5230","2208","21",""
"5230","2209","22",""
"5230","2210","22",""
"5230","2211","22",""
"5230","2212","23",""
"5230","2213","24",""
"5230","2214","25",""
"5230","2215","26",""
"5230","2216","26",""
"5230","2217","27",""
"5230","2218","1",""
"5230","2219","2",""
"5230","2220","3",""
"5230","2221","4",""
"5230","40511","5",""
"5230","2222","5",""
"5230","2223","6",""
"5230","42389","6",""
"5230","2224","7",""
"5230","2225","9",""
"5230","2226","10",""
"5230","2227","11",""
"5230","3486","12",""
"226","10661","-1","未發車"
"226","10662","-1","未發車"
"226","10663","-1","未發車"
"226","10664","-1","未發車"
"226","10665","-1","未發車"
"226","10666","-1","未發車"
"226","10667","-1","未發車"
"226","10668","-1","未發車"
"226","10669","-1","未發車"
"226","10670","-1","未發車"
"226","10671","-1","未發車"
"226","10672","-1","未發車"
"226","10673","-1","未發車"
"226","10674","-1","未發車"
"226","10675","-1","未發車"
"226","10676","2",""
"226","10677","3",""
"226","41368","2",""
"226","41370","6",""
"226","10678","9",""
"226","10679","10",""
"226","10680","10",""
"226","10681","11",""
"226","10682","11",""
"226","10683","12",""
"226","10684","12",""
"226","10685","13",""
"226","10686","14",""
"226","10687","14",""
"226","10688","14",""
"226","10689","15",""
"226","10690","16",""
"226","10691","17",""
"226","10692","17",""
"226","10693","17",""
"226","10694","18",""
"226","10695","2",""
"226","10696","2",""
"226","10697","3",""
"226","10698","6",""
"226","10699","6",""
"226","10700","9",""
"226","10701","9",""
"226","10702","10",""
"226","10703","10",""
"226","10704","11",""
"226","10705","12",""
"226","10706","12",""
"226","10707","13",""
"226","10708","13",""
"226","10709","13",""
"226","10710","14",""
"226","10711","14",""
"226","10712","15",""
"226","10713","16",""
"226","10714","17",""
"226","10715","17",""
"226","10716","18",""
"226","41371","22",""
"226","41369","27",""
"226","10717","2",""
"226","10718","3",""
"226","10719","4",""
"226","10720","7",""
"226","10721","8",""
"226","10722","9",""
"226","10723","10",""
"226","10724","11",""
"226","10725","13",""
"226","10726","3",""
"226","10727","4",""
"226","10728","5",""
"226","10729","6",""
"226","10730","7",""
"226","10731","8",""
"226","10732","9",""
"190","14931","37",""
"190","14932","41",""
"190","14933","42",""
"190","14934","42",""
"190","14935","43",""
"190","14936","43",""
"190","0016","44",""
"190","14937","46",""
"190","14938","47",""
"190","14939","47",""
"190","14940","48",""
"190","14941","49",""
"190","14942","51",""
"190","14943","53",""
"190","14944","54",""
"190","14945","54",""
"190","14946","54",""
"190","14947","55",""
"190","14948","56",""
"190","14949","56",""
"190","14950","57",""
"190","14951","58",""
"190","14952","58",""
"190","1551","58",""
"190","14953","59",""
"190","14954","59",""
"190","14955","60",""
"190","14956","61",""
"190","14957","61",""
"190","14958","61",""
"190","14959","2",""
"190","14960","2",""
"190","1552","3",""
"190","14961","3",""
"190","14962","6",""
"190","14963","6",""
"190","14964","7",""
"190","14965","8",""
"190","14966","9",""
"190","14967","9",""
"190","14968","10",""
"190","14969","11",""
"190","14970","11",""
"190","14971","12",""
"190","14972","13",""
"190","14973","13",""
"190","14974","14",""
"190","14975","14",""
"190","14976","15",""
"190","14977","16",""
"190","4554","17",""
"190","14978","17",""
"190","14979","17",""
"190","14980","18",""
"190","14981","20",""
"190","14982","20",""
"190","14983","22",""
"190","14984","23",""
"190","14985","24",""
"190","14986","24",""
"190","14987","26",""
"190","14988","27",""
"190","14990","31",""
"190","41257","32",""
"190","14871","37",""
"190","14872","39",""
"190","14873","39",""
"190","14874","41",""
"190","14875","42",""
"190","14876","43",""
"190","14877","44",""
"190","14878","44",""
"190","14879","45",""
"190","14880","46",""
"190","14881","47",""
"190","14882","48",""
"190","14883","49",""
"190","4553","49",""
"190","14884","50",""
"190","14885","50",""
"190","14886","51",""
"190","14887","51",""
"190","14888","52",""
"190","14889","53",""
"190","14890","53",""
"190","14891","53",""
"190","14892","54",""
"190","14893","55",""
"190","14894","55",""
"190","14895","56",""
"190","14896","57",""
"190","14897","58",""
"190","14898","59",""
"190","14899","59",""
"190","14900","60",""
"190","1549","1",""
"190","14901","1",""
"190","14902","3",""
"190","14903","5",""
"190","14904","5",""
"190","14905","5",""
"190","14906","6",""
"190","14907","7",""
"190","14908","7",""
"190","1550","8",""
"190","14909","8",""
"190","14910","9",""
"190","14911","9",""
"190","14912","10",""
"190","14913","10",""
"190","14914","10",""
"190","14915","11",""
"190","14916","12",""
"190","14917","12",""
"190","14918","13",""
"190","14919","13",""
"190","14920","14",""
"190","14921","17",""
"190","14922","17",""
"190","14923","18",""
"190","14924","20",""
"190","14925","20",""
"190","0015","21",""
"190","14926","22",""
"190","14927","22",""
"190","14928","23",""
"190","14929","24",""
"190","14930","24",""
"5243","16465","72",""
"5243","16466","73",""
"5243","16467","73",""
"5243","39468","74",""
"5243","16468","75",""
"5243","16469","76",""
"5243","16470","76",""
"5243","16471","77",""
"5243","16472","77",""
"5243","16473","80",""
"5243","16474","80",""
"5243","41293","81",""
"5243","16475","81",""
"5243","16476","82",""
"5243","16477","82",""
"5243","16478","83",""
"5243","16479","83",""
"5243","16480","85",""
"5243","2242","85",""
"5243","42330","87",""
"5243","2243","88",""
"5243","16481","90",""
"5243","16482","91",""
"5243","16483","91",""
"5243","16484","92",""
"5243","16485","93",""
"5243","16486","94",""
"5243","16487","95",""
"5243","16488","95",""
"5243","16489","96",""
"5243","16490","97",""
"5243","16491","98",""
"5243","16492","98",""
"5243","16493","2",""
"5243","16494","3",""
"5243","16495","5",""
"5243","16496","7",""
"5243","16497","9",""
"5243","16498","10",""
"5243","16431","47",""
"5243","16432","48",""
"5243","16433","51",""
"5243","16434","52",""
"5243","16435","53",""
"5243","16436","53",""
"5243","16437","54",""
"5243","16438","54",""
"5243","16439","55",""
"5243","16440","56",""
"5243","16441","56",""
"5243","16442","57",""
"5243","16443","58",""
"5243","16444","59",""
"5243","16445","60",""
"5243","16446","61",""
"5243","16447","62",""
"5243","2178","63",""
"5243","42329","64",""
"5243","2179","65",""
"5243","16448","66",""
"5243","16449","66",""
"5243","16450","67",""
"5243","16451","67",""
"5243","16452","68",""
"5243","16453","69",""
"5243","41292","69",""
"5243","16454","70",""
"5243","16455","70",""
"5243","16456","73",""
"5243","16457","74",""
"5243","16458","75",""
"5243","16459","75",""
"5243","16460","77",""
"5243","39467","77",""
"5243","16461","78",""
"5243","16462","79",""
"5243","16463","79",""
"5243","16464","80",""
"5239","15791","62",""
"5239","15792","64",""
"5239","15793","68",""
"5239","0047","69",""
"5239","15794","69",""
"5239","15795","70",""
"5239","15796","71",""
"5239","15797","72",""
"5239","15798","73",""
"5239","0048","73",""
"5239","15799","74",""
"5239","15800","74",""
"5239","15801","75",""
"5239","15802","76",""
"5239","15803","76",""
"5239","15804","77",""
"5239","15805","79",""
"5239","15806","79",""
"5239","15807","81",""
"5239","15808","81",""
"5239","15809","82",""
"5239","15810","83",""
"5239","15811","83",""
"5239","15812","84",""
"5239","15813","85",""
"5239","1936","85",""
"5239","15814","86",""
"5239","15815","87",""
"5239","15816","87",""
"5239","15817","88",""
"5239","15818","88",""
"5239","15819","90",""
"5239","15820","91",""
"5239","15821","91",""
"5239","15822","91",""
"5239","15823","92",""
"5239","15824","93",""
"5239","15825","94",""
"5239","15826","94",""
"5239","15827","98",""
"5239","15828","98",""
"5239","15829","99",""
"5239","15830","99",""
"5239","15831","100",""
"5239","15832","100",""
"5239","15833","101",""
"5239","15834","103",""
"5239","15835","105",""
"5239","15836","106",""
"5239","15837","107",""
"5239","15838","107",""
"5239","1937","108",""
"5239","15839","109",""
"5239","15840","110",""
"5239","15841","110",""
"5239","15842","111",""
"5239","15843","112",""
"5239","15844","113",""
"5239","15845","113",""
"5239","15846","114",""
"5239","15847","115",""
"5239","15848","117",""
"5239","15849","118",""
"5239","15850","120",""
"5239","15851","121",""
"5239","15852","121",""
"5239","15853","122",""
"5239","0049","123",""
"5239","15854","123",""
"5239","15855","124",""
"5239","15856","125",""
"5239","15857","127",""
"5239","15858","128",""
"5239","0050","131",""
"5239","15859","134",""
"5239","15860","140",""
"5239","15861","142",""
"5239","15862","143",""
"7005","22141","17",""
"7005","22142","18",""
"7005","22143","18",""
"7005","22144","19",""
"7005","22145","19",""
"7005","22146","20",""
"7005","22147","20",""
"8029","26101","138",""
"8029","26102","138",""
"8029","26103","140",""
"8029","26104","141",""
"8029","26105","142",""
"8029","26106","146",""
"8029","26107","148",""
"8029","26108","150",""
"8029","26109","151",""
"8029","26110","153",""
"8029","26111","154",""
"8031","26171","18",""
"8031","26172","18",""
"8031","26173","19",""
"8031","26174","19",""
"8031","26175","20",""
"8031","26176","20",""
"8031","26177","21",""
"8031","26178","21",""
"8031","26179","22",""
"8031","26180","22",""
"8031","26181","23",""
"8031","26184","23",""
"8031","26183","24",""
"8031","26185","24",""
"8031","26187","25",""
"8031","26190","25",""
"8031","26191","26",""
"8031","26192","26",""
"8031","26193","27",""
"8031","26194","27",""
"8031","26195","28",""
"8031","26196","28",""
"8031","26197","29",""
"8031","26198","29",""
"8031","26199","30",""
"8031","26200","30",""
"8031","26201","31",""
"8031","26202","31",""
"8031","26203","32",""
"2035","27511","17",""
"2035","27512","18",""
"2035","27513","24",""
"2035","27514","27",""
"2035","27515","34",""
"2035","27516","38",""
"1040","29781","250",""
"1040","29782","250",""
"1040","29783","250",""
"1040","29784","250",""
"1040","29785","250",""
"1040","29786","250",""
"1040","29787","250",""
"1075","32022","127",""
"1075","32023","128",""
"1075","32024","131",""
"1075","32025","132",""
"1075","32026","134",""
"1075","32027","136",""
"1075","32028","137",""
"1075","32029","137",""
"1075","32030","138",""
"1075","32031","140",""
"1075","32032","141",""
"1075","32033","141",""
"1075","32034","142",""
"1075","32035","142",""
"1075","32036","2",""
"1075","32037","2",""
"1075","32038","5",""
"1075","32039","9",""
"1075","32040","13",""
"1075","32041","14",""
"1075","41054","14",""
"1075","41053","15",""
"1075","32042","18",""
"1075","41055","19",""
"1075","32043","20",""
"1075","32044","22",""
"1075","32045","25",""
"1075","32046","28",""
"1075","32047","29",""
"1075","32048","32",""
"1075","32049","32",""
"1075","32050","33",""
"1075","32051","34",""
"1075","32052","34",""
"1075","32053","35",""
"1075","32054","36",""
"1075","32055","36",""
"1075","32056","37",""
"1075","41684","37",""
"1075","41685","38",""
"1075","41686","39",""
"1075","32059","44",""
"1075","32060","46",""
"1075","32061","46",""
"1075","32062","46",""
"1075","32063","47",""
"1075","32064","47",""
"1075","32065","48",""
"1075","32066","51",""
"1075","32067","52",""
"1075","32068","54",""
"1075","32069","56",""
"1075","32070","56",""
"1075","32071","59",""
"1075","32072","61",""
"1075","32073","65",""
"1075","32074","66",""
"1075","32075","67",""
"5623","7151","2",""
"5623","7152","3",""
"5623","7153","3",""
"5623","7154","4",""
"5623","7155","5",""
"5623","7156","5",""
"5623","40734","6",""
"5623","7157","9",""
"5623","7158","10",""
"5623","7159","10",""
"5623","7160","12",""
"5623","7161","14",""
"5623","42196","15",""
"5623","7162","19",""
"5623","7163","28",""
"5623","7164","32",""
"5623","7165","33",""
"5623","7166","36",""
"5623","7167","39",""
"5623","7168","39",""
"5623","7169","40",""
"5623","41254","40",""
"5623","7170","44",""
"5623","7171","45",""
"5623","7172","45",""
"5623","7173","47",""
"5623","7174","50",""
"2008","22641","82",""
"2008","22642","83",""
"2008","22643","84",""
"2008","22644","85",""
"2008","22645","86",""
"2008","22646","86",""
"2008","22647","87",""
"2008","22648","88",""
"2008","22649","89",""
"2008","22650","89",""
"2008","22651","90",""
"2008","22652","90",""
"2008","22653","91",""
"2008","22654","93",""
"2008","22655","94",""
"2008","22656","94",""
"2008","22657","94",""
"2008","22658","95",""
"2008","22659","95",""
"2008","22660","97",""
"2008","22661","97",""
"2008","22662","98",""
"2008","22663","99",""
"2008","22664","99",""
"2008","22665","100",""
"2008","22666","102",""
"2008","22667","105",""
"2008","22668","106",""
"2008","22669","106",""
"2008","22670","107",""
"2008","22671","108",""
"2008","22672","108",""
"2008","22673","110",""
"2008","22674","111",""
"2008","22675","112",""
"2008","22676","113",""
"2008","22677","114",""
"2008","22678","116",""
"2008","22679","116",""
"2008","22680","117",""
"2008","22681","118",""
"2008","22682","118",""
"2008","22683","119",""
"2008","22684","120",""
"2008","22685","121",""
"2008","22686","122",""
"2008","22687","123",""
"2008","22688","124",""
"2008","22689","124",""
"2008","22690","125",""
"2008","22691","125",""
"2008","22692","126",""
"2008","22693","127",""
"9014","27821","57",""
"9014","27822","57",""
"9014","27823","58",""
"9014","27824","59",""
"9014","27825","60",""
"9014","27826","61",""
"9014","27827","62",""
"9014","27828","63",""
"9014","27829","67",""
"9014","27830","69",""
"9014","27831","71",""
"9014","27832","73",""
"9014","27833","73",""
"9014","27834","74",""
"9014","27835","75",""
"9014","27836","1",""
"9014","27837","2",""
"9014","27838","3",""
"9014","27839","4",""
"9014","27840","5",""
"9014","27841","6",""
"9014","27842","6",""
"6014","27231","250",""
"6014","27232","250",""
"6014","27233","250",""
"6014","27234","250",""
"6014","27235","250",""
"6014","27236","250",""
"6014","27237","250",""
"6014","27238","250",""
"6014","27239","250",""
"6029","30381","7",""
"6029","30382","9",""
"6029","30383","11",""
"6029","30384","13",""
"6029","30385","15",""
"6029","30386","16",""
"6029","30387","17",""
"6029","30388","18",""
"6029","30389","19",""
"6029","30390","19",""
"6029","30391","24",""
"6029","30392","27",""
"6029","30393","30",""
"6029","30394","31",""
"6029","30395","32",""
"6029","30396","33",""
"6029","30397","34",""
"6029","30398","34",""
"6029","30399","35",""
"6029","30400","36",""
"6029","30401","37",""
"6029","30402","40",""
"6029","30403","44",""
"6029","30404","45",""
"6029","30405","49",""
"6029","30406","49",""
"6029","30407","50",""
"6029","30408","53",""
"6029","30409","53",""
"6029","30410","55",""
"6029","30411","56",""
"6029","30412","56",""
"6029","30413","57",""
"803","11954","-1","未發車"
"803","11955","-1","未發車"
"803","11956","-1","未發車"
"803","11957","-1","未發車"
"803","11958","-1","未發車"
"803","11959","-1","未發車"
"803","1153","-1","未發車"
"803","11960","-1","未發車"
"803","11961","-1","未發車"
"803","11962","-1","未發車"
"803","11963","-1","未發車"
"803","11964","-1","未發車"
"803","11965","-1","未發車"
"803","11966","3",""
"803","11967","3",""
"803","11968","4",""
"803","11969","5",""
"803","11970","7",""
"803","11971","7",""
"803","11972","9",""
"803","11973","10",""
"803","11974","12",""
"803","11975","12",""
"803","11976","12",""
"803","11977","13",""
"803","11978","14",""
"803","11979","16",""
"803","11980","17",""
"803","11981","18",""
"803","11982","19",""
"803","11983","19",""
"803","11984","20",""
"803","11985","21",""
"803","11986","22",""
"803","11987","23",""
"803","11988","25",""
"803","11989","26",""
"803","11990","27",""
"803","11991","28",""
"803","11992","28",""
"803","11993","29",""
"5663","21494","2",""
"5663","21495","3",""
"5663","21496","4",""
"5663","21497","5",""
"5663","21498","6",""
"5663","21499","8",""
"5663","21500","8",""
"5663","21501","15",""
"5663","21502","16",""
"5663","21503","21",""
"5663","21504","22",""
"5663","21505","23",""
"5663","21506","24",""
"5663","21507","24",""
"5663","21508","24",""
"5663","21509","25",""
"5663","21510","26",""
"5663","21511","27",""
"5663","40540","1",""
"5663","21512","2",""
"5663","21513","3",""
"5663","21514","3",""
"5663","21515","4",""
"5663","21516","5",""
"5663","21517","1",""
"5663","21518","2",""
"5663","21519","3",""
"5663","21520","3",""
"5663","21521","4",""
"5663","21522","5",""
"5663","21523","5",""
"5663","21524","6",""
"5663","21525","6",""
"5663","21526","7",""
"5663","21527","7",""
"5663","21528","9",""
"5663","21529","9",""
"5663","39619","10",""
"5663","21530","11",""
"5663","21531","11",""
"5663","21535","12",""
"5663","21536","12",""
"5663","21537","13",""
"5663","21538","13",""
"5663","21539","14",""
"5663","21540","14",""
"5663","21541","15",""
"5663","21542","15",""
"5663","21543","16",""
"5663","21544","16",""
"5663","21545","17",""
"5663","21546","18",""
"5663","21547","18",""
"5663","21548","19",""
"5663","21549","19",""
"5663","21550","20",""
"5663","21551","20",""
"5663","21552","21",""
"5663","21553","21",""
"5663","21554","22",""
"5663","21555","37",""
"5663","21556","38",""
"5663","21557","38",""
"5663","21558","40",""
"5663","21559","40",""
"5663","21560","40",""
"5663","21561","40",""
"5663","21562","41",""
"5663","21563","42",""
"5663","21564","43",""
"5663","21565","46",""
"5663","21566","48",""
"5663","21567","49",""
"5663","21568","49",""
"5663","21569","50",""
"5663","21570","53",""
"5663","21571","54",""
"5663","21572","54",""
"5663","21573","56",""
"5663","21574","58",""
"5663","21578","58",""
"5663","21579","59",""
"5663","21580","59",""
"5663","21581","60",""
"5663","21582","64",""
"5663","21583","65",""
"5663","21584","66",""
"5663","21585","66",""
"5663","21586","67",""
"5663","21587","68",""
"5663","21588","69",""
"5663","21589","70",""
"5663","21590","71",""
"5663","21591","71",""
"5663","21592","72",""
"5663","21593","73",""
"5663","21594","73",""
"5663","21595","75",""
"5663","40541","75",""
"5663","21596","77",""
"5663","21597","77",""
"5663","21598","79",""
"5663","21599","80",""
"5663","21600","80",""
"5663","21601","81",""
"5663","21602","81",""
"5663","21603","82",""
"5663","21604","83",""
"5663","21605","86",""
"5663","21606","91",""
"5663","21607","92",""
"5663","21608","94",""
"5663","21609","98",""
"5663","21610","99",""
"5663","21611","100",""
"5663","21612","101",""
"5663","21613","102",""
"5663","21614","103",""
"5663","21615","104",""
"5663","21616","105",""
"5663","21617","105",""
"127","12451","17",""
"127","12452","18",""
"127","12453","19",""
"127","12454","20",""
"127","12455","21",""
"127","12456","22",""
"127","12457","22",""
"127","12458","24",""
"127","12459","25",""
"127","12460","26",""
"127","12461","27",""
"127","12462","28",""
"127","12463","29",""
"127","12464","29",""
"127","12465","30",""
"127","12466","31",""
"127","12467","32",""
"127","12468","33",""
"127","12469","33",""
"127","12470","34",""
"127","12471","35",""
"127","12472","36",""
"127","12473","36",""
"127","12474","38",""
"127","12475","39",""
"127","12476","39",""
"127","12477","40",""
"127","12478","41",""
"127","12479","41",""
"127","12480","42",""
"127","12481","43",""
"127","12482","43",""
"127","12483","44",""
"127","12484","44",""
"127","12485","45",""
"127","12486","46",""
"127","12487","46",""
"127","12488","47",""
"127","12489","47",""
"127","12490","48",""
"127","12491","48",""
"127","12492","48",""
"127","12493","49",""
"127","12494","50",""
"127","12495","51",""
"127","12496","51",""
"127","12497","52",""
"127","12498","52",""
"127","12499","53",""
"127","12500","53",""
"127","12501","54",""
"127","12502","55",""
"127","12503","56",""
"127","12504","57",""
"127","12505","1",""
"127","12506","2",""
"127","12507","3",""
"127","12508","3",""
"127","12509","4",""
"127","12510","5",""
"127","12511","5",""
"127","12512","5",""
"127","12513","6",""
"127","12514","6",""
"127","12515","7",""
"127","12516","8",""
"127","12517","8",""
"127","12518","9",""
"127","12519","10",""
"127","12520","10",""
"127","12521","11",""
"127","12522","11",""
"127","12523","11",""
"127","12524","12",""
"127","12525","13",""
"127","12526","13",""
"127","12527","13",""
"127","12528","14",""
"127","12529","15",""
"127","12530","15",""
"127","12531","16",""
"127","12532","16",""
"127","12533","17",""
"127","12534","18",""
"127","12535","18",""
"127","12536","19",""
"127","12537","20",""
"128","19482","250",""
"128","19483","250",""
"128","19484","250",""
"128","19485","250",""
"128","19486","250",""
"128","19487","250",""
"128","19488","250",""
"128","19489","250",""
"128","19490","250",""
"128","19491","250",""
"128","19492","250",""
"128","19493","250",""
"128","19494","250",""
"128","19495","250",""
"128","19496","250",""
"128","19497","250",""
"128","19498","250",""
"128","19499","250",""
"128","19500","250",""
"128","19501","250",""
"128","19502","250",""
"128","19503","250",""
"128","19504","250",""
"128","19505","250",""
"128","19506","250",""
"128","19507","250",""
"128","19508","250",""
"128","19509","250",""
"128","19510","250",""
"128","19511","250",""
"128","19512","250",""
"128","19513","250",""
"128","19514","250",""
"128","19515","250",""
"128","19516","250",""
"128","19517","250",""
"128","19518","250",""
"128","19519","250",""
"128","19520","250",""
"128","19521","250",""
"128","19522","250",""
"128","19523","250",""
"128","19524","250",""
"128","19525","250",""
"128","19526","250",""
"128","19527","250",""
"128","19528","250",""
"128","19529","250",""
"128","19530","250",""
"128","19531","250",""
"128","19532","250",""
"128","19533","250",""
"128","19534","250",""
"128","19535","250",""
"128","19536","250",""
"128","19537","250",""
"128","19538","250",""
"128","19539","250",""
"128","19540","250",""
"128","19541","250",""
"128","19542","250",""
"128","19543","250",""
"128","19544","250",""
"128","19545","250",""
"128","19546","250",""
"128","19547","250",""
"128","19548","250",""
"128","19549","250",""
"128","19550","250",""
"482","32451","26",""
"482","32452","27",""
"482","32453","27",""
"482","32454","28",""
"482","32455","29",""
"482","1160","30",""
"482","32456","31",""
"482","32457","34",""
"482","32458","36",""
"482","32459","39",""
"482","32460","41",""
"482","32461","44",""
"482","32462","46",""
"482","32463","48",""
"482","32464","50",""
"482","32465","50",""
"482","32466","51",""
"482","32467","51",""
"482","32468","53",""
"482","32469","53",""
"482","32470","54",""
"482","32471","55",""
"482","32472","56",""
"482","32473","57",""
"482","32474","57",""
"482","32475","59",""
"482","32476","60",""
"482","32477","61",""
"482","32478","61",""
"482","32479","62",""
"482","32480","63",""
"482","32481","63",""
"482","32482","64",""
"482","32483","65",""
"482","32484","66",""
"482","32485","66",""
"482","32486","67",""
"482","32487","67",""
"482","32488","69",""
"482","32489","69",""
"482","32490","70",""
"482","32491","71",""
"482","32492","71",""
"482","32493","71",""
"482","32494","73",""
"482","32495","73",""
"482","32406","-1","未發車"
"482","32407","-1","未發車"
"482","32408","-1","未發車"
"482","32409","-1","未發車"
"482","32410","-1","未發車"
"482","32411","1",""
"482","32412","2",""
"482","32413","3",""
"482","32414","3",""
"482","32415","5",""
"482","32416","6",""
"482","32417","6",""
"482","32418","7",""
"482","32419","8",""
"482","32420","9",""
"482","32421","10",""
"482","32422","11",""
"482","32423","12",""
"482","32424","13",""
"482","32425","14",""
"482","32426","16",""
"482","32427","16",""
"482","32428","18",""
"482","32429","20",""
"482","32430","21",""
"482","32431","22",""
"482","32432","22",""
"482","32433","24",""
"482","32434","24",""
"482","32435","25",""
"482","32436","28",""
"482","32437","31",""
"482","32438","34",""
"482","32439","2",""
"482","32440","5",""
"482","32441","7",""
"482","32442","9",""
"482","32443","12",""
"482","32444","14",""
"482","32445","17",""
"482","32446","18",""
"482","32447","19",""
"482","32448","20",""
"482","32449","23",""
"482","32450","24",""
"157","33126","2",""
"157","33127","3",""
"157","33128","4",""
"157","33129","2",""
"157","33130","3",""
"157","33131","4",""
"157","33132","2",""
"157","33133","4",""
"157","33134","5",""
"157","33135","9",""
"157","33136","11",""
"157","2249","11",""
"157","33137","12",""
"157","33138","13",""
"157","33139","2",""
"157","33140","3",""
"157","33141","5",""
"157","33142","6",""
"157","33143","8",""
"157","33144","9",""
"157","33145","2",""
"157","33146","2",""
"157","33147","3",""
"157","33148","4",""
"157","33149","6",""
"157","33150","6",""
"157","33151","9",""
"157","33152","2",""
"157","33153","3",""
"157","33154","4",""
"157","33155","6",""
"157","33156","7",""
"157","33157","1",""
"157","33158","2",""
"157","33159","4",""
"157","33160","5",""
"157","33161","6",""
"157","33162","7",""
"157","33163","8",""
"157","33164","8",""
"157","33165","8",""
"157","33087","-1","未發車"
"157","33088","-1","未發車"
"157","33089","-1","未發車"
"157","33090","-1","未發車"
"157","33091","-1","未發車"
"157","33092","-1","未發車"
"157","33093","-1","未發車"
"157","33094","-1","未發車"
"157","33095","2",""
"157","33096","2",""
"157","33097","4",""
"157","33098","6",""
"157","33099","7",""
"157","33100","2",""
"157","33101","4",""
"157","39649","5",""
"157","33102","5",""
"157","33103","6",""
"157","33104","8",""
"157","33105","9",""
"157","33106","9",""
"157","33107","11",""
"157","33108","2",""
"157","33109","4",""
"157","33110","5",""
"157","33111","5",""
"157","33112","7",""
"157","33113","8",""
"157","33114","10",""
"157","33115","11",""
"157","33116","12",""
"157","33117","3",""
"157","33118","3",""
"157","33119","3",""
"157","33120","4",""
"157","33121","7",""
"157","33122","10",""
"157","33123","12",""
"157","33124","13",""
"157","33125","15",""
"5410","33455","62",""
"5410","33456","63",""
"5410","33457","64",""
"5410","33458","65",""
"5410","33459","66",""
"5410","33460","67",""
"5410","33461","69",""
"5410","33462","1",""
"5410","33463","3",""
"5410","33464","5",""
"5410","33465","6",""
"5410","33466","8",""
"5410","33467","9",""
"5410","33468","9",""
"5410","33469","10",""
"5410","33470","10",""
"5410","33471","11",""
"5410","33472","11",""
"5410","33473","12",""
"5410","33474","13",""
"5410","38976","13",""
"5410","33475","13",""
"5410","1372","14",""
"5410","1373","14",""
"5410","1374","15",""
"5410","1375","15",""
"5410","1376","16",""
"5410","1377","16",""
"5410","1378","17",""
"5410","1379","19",""
"5410","1380","20",""
"5410","1381","20",""
"5410","1382","21",""
"5410","1383","21",""
"5410","38981","22",""
"5410","1384","22",""
"5410","38978","22",""
"5410","33476","23",""
"5410","33477","23",""
"5410","33478","24",""
"5410","33479","25",""
"5410","33480","26",""
"5410","33481","27",""
"5410","33482","27",""
"5410","33483","28",""
"5410","55858","28",""
"5410","33484","29",""
"5410","33485","30",""
"5410","33486","32",""
"5410","33487","32",""
"5410","33488","33",""
"5410","33489","34",""
"5410","33491","35",""
"5410","33492","35",""
"5410","33493","36",""
"5410","33494","37",""
"5410","33495","38",""
"5410","33496","39",""
"5410","33497","41",""
"5410","33498","44",""
"5410","33499","44",""
"5410","33500","46",""
"5410","33501","47",""
"5410","33502","49",""
"5410","33503","50",""
"5410","33504","52",""
"5410","33505","52",""
"5410","33506","56",""
"5410","33507","57",""
"5410","33508","57",""
"5410","33509","59",""
"5410","33510","61",""
"5410","33511","62",""
"5410","33512","62",""
"5410","33515","63",""
"5410","33516","64",""
"5410","33517","65",""
"5410","33518","66",""
"5410","33519","67",""
"5410","55859","67",""
"5410","33520","68",""
"5410","33521","70",""
"5410","33522","70",""
"5410","33523","70",""
"5410","33524","71",""
"5410","33525","72",""
"5410","33526","72",""
"5410","33527","73",""
"5410","38979","74",""
"5410","1385","74",""
"5410","1386","74",""
"5410","1387","75",""
"5410","1388","75",""
"5410","1389","76",""
"5410","1390","76",""
"5410","1391","77",""
"5410","1394","77",""
"5410","1395","79",""
"5410","1396","80",""
"5410","1397","81",""
"5410","1398","81",""
"5410","1399","82",""
"5410","38982","82",""
"5410","33528","82",""
"5410","38977","83",""
"5410","33529","83",""
"5410","33530","84",""
"5410","33531","85",""
"5410","33532","85",""
"5410","33533","86",""
"5410","33534","87",""
"5410","33535","88",""
"5410","33536","88",""
"5410","33537","88",""
"5410","33538","90",""
"5410","33539","91",""
"5410","33540","92",""
"5410","33541","93",""
"5410","33542","3",""
"5410","33543","4",""
"5410","33544","6",""
"5410","33545","6",""
"5410","33546","7",""
"5410","33547","9",""
"5215","33559","108",""
"5215","33560","108",""
"5215","33561","108",""
"5215","33562","109",""
"5215","33563","109",""
"5215","33564","110",""
"5215","33565","111",""
"5215","33566","111",""
"5215","33567","113",""
"5215","34431","114",""
"5215","33568","117",""
"5215","33569","119",""
"5215","33570","120",""
"5215","33571","122",""
"5215","33572","122",""
"5215","33573","1",""
"5215","33574","3",""
"5215","33575","4",""
"5215","33576","6",""
"5215","33577","6",""
"5215","33578","8",""
"5215","33579","9",""
"5215","33580","9",""
"5215","33581","9",""
"5215","34432","12",""
"5215","33582","13",""
"5215","33583","13",""
"5215","3566","14",""
"5215","33584","15",""
"5215","33585","15",""
"5215","45948","16",""
"5215","33586","16",""
"5215","33587","19",""
"5215","33588","22",""
"5215","33589","23",""
"5215","33590","24",""
"5215","33591","24",""
"5215","33592","26",""
"5215","33593","27",""
"5215","33594","29",""
"5215","33595","29",""
"5215","33596","30",""
"5215","33597","31",""
"5215","33598","32",""
"5215","33599","35",""
"5215","33600","35",""
"5215","33601","36",""
"5215","33602","37",""
"5215","33603","38",""
"5215","33604","40",""
"5215","33605","41",""
"5215","33606","42",""
"5215","33607","43",""
"5215","33608","44",""
"5215","33609","46",""
"5215","34433","51",""
"5215","45949","51",""
"5215","34434","52",""
"5215","34435","54",""
"5215","3567","56",""
"5215","34436","56",""
"5215","33610","57",""
"5215","34437","60",""
"5215","34438","61",""
"5215","34439","62",""
"5215","34440","62",""
"5215","34441","63",""
"5215","34442","2",""
"5215","34443","2",""
"5215","34444","4",""
"5215","34445","5",""
"5215","34446","6",""
"5215","34447","8",""
"5215","33611","9",""
"5215","33612","11",""
"5215","33613","12",""
"5215","33614","16",""
"5215","33615","17",""
"5215","33616","18",""
"5215","33617","18",""
"5215","33618","19",""
"5215","33619","19",""
"5215","33620","19",""
"5215","33621","19",""
"485","33722","-1","未發車"
"485","33723","-1","未發車"
"485","33724","-1","未發車"
"485","33725","-1","未發車"
"485","33726","-1","未發車"
"485","33727","-1","未發車"
"485","33728","-1","未發車"
"485","33729","-1","未發車"
"485","33730","-1","未發車"
"485","33731","-1","未發車"
"485","33732","-1","未發車"
"485","33733","-1","未發車"
"485","1854","2",""
"485","33734","3",""
"485","33735","3",""
"485","33736","3",""
"485","33737","5",""
"485","33738","6",""
"485","33739","7",""
"485","33740","8",""
"485","33741","9",""
"485","33742","9",""
"485","33743","11",""
"485","33744","12",""
"485","33745","13",""
"485","33746","14",""
"485","33747","15",""
"485","33748","19",""
"485","3658","20",""
"485","33749","22",""
"485","33750","23",""
"485","33751","24",""
"485","33752","2",""
"485","33753","2",""
"485","33754","3",""
"485","33755","4",""
"485","33756","4",""
"485","33757","5",""
"485","33758","6",""
"485","33759","7",""
"485","33760","7",""
"485","33761","8",""
"485","33762","9",""
"485","33763","11",""
"485","33764","13",""
"485","33765","15",""
"485","33766","16",""
"485","33767","18",""
"485","33768","19",""
"485","33770","21",""
"485","33771","23",""
"485","33773","24",""
"485","33774","28",""
"485","33775","30",""
"485","33776","31",""
"485","2248","32",""
"485","33777","33",""
"485","33778","34",""
"485","33779","34",""
"485","33780","35",""
"485","33781","36",""
"485","33782","1",""
"485","33783","3",""
"485","33784","5",""
"485","33785","6",""
"485","33787","6",""
"485","33788","7",""
"485","33789","8",""
"485","33790","10",""
"485","33791","13",""
"485","33793","15",""
"485","33794","16",""
"485","33796","19",""
"485","33797","20",""
"485","33798","21",""
"485","33799","23",""
"485","33800","24",""
"485","33801","25",""
"485","33802","26",""
"485","33803","28",""
"485","33804","28",""
"485","33805","29",""
"485","33806","31",""
"485","33807","32",""
"485","33808","32",""
"485","33809","33",""
"485","33810","35",""
"485","33811","36",""
"485","33812","37",""
"485","33813","38",""
"485","33814","39",""
"485","33815","40",""
"485","3659","41",""
"485","33816","42",""
"485","33817","46",""
"485","33818","49",""
"485","33819","49",""
"485","33820","50",""
"485","1855","51",""
"485","33821","53",""
"485","33822","53",""
"485","33823","54",""
"485","33824","55",""
"485","33825","56",""
"485","33826","2",""
"485","33827","2",""
"485","33828","3",""
"485","1856","4",""
"485","33829","6",""
"485","33830","6",""
"485","33831","7",""
"485","33832","7",""
"485","33833","8",""
"485","33834","9",""
"485","33835","10",""
"485","33836","12",""
"485","33837","12",""
"485","33838","14",""
"485","33839","15",""
"485","33840","17",""
"485","33841","17",""
"436","33280","7",""
"436","33281","8",""
"436","33282","10",""
"436","33283","13",""
"436","33284","15",""
"436","33285","16",""
"436","33286","16",""
"436","33287","17",""
"436","33288","18",""
"436","33289","19",""
"436","33290","21",""
"436","33291","23",""
"436","33292","25",""
"436","33293","25",""
"436","33294","28",""
"436","33295","29",""
"436","33296","30",""
"436","33297","31",""
"436","33298","32",""
"436","33299","33",""
"436","33300","34",""
"436","33301","36",""
"436","33302","37",""
"436","33303","38",""
"436","39392","39",""
"436","39391","39",""
"436","39389","41",""
"436","39387","42",""
"436","39386","-1","未發車"
"436","39388","-1","未發車"
"436","39390","-1","未發車"
"436","33250","-1","未發車"
"436","33251","1",""
"436","33252","1",""
"436","33253","4",""
"436","33254","5",""
"436","33255","6",""
"436","33256","8",""
"436","33257","11",""
"436","33258","11",""
"436","33259","13",""
"436","33260","1",""
"436","33261","2",""
"436","33262","3",""
"436","33263","4",""
"436","33264","6",""
"436","33265","7",""
"436","33266","8",""
"436","33267","9",""
"436","33268","9",""
"436","33269","10",""
"436","33270","11",""
"436","33271","11",""
"436","33272","13",""
"436","33273","17",""
"436","33274","17",""
"436","33275","19",""
"436","33276","22",""
"436","33277","2",""
"436","33278","4",""
"436","33279","6",""
"438","33385","-1","未發車"
"438","33386","-1","未發車"
"438","33387","-1","未發車"
"438","33388","-1","未發車"
"438","33389","-1","未發車"
"438","33390","-1","未發車"
"438","33391","-1","未發車"
"438","33392","-1","未發車"
"438","33393","-1","未發車"
"438","33394","-1","未發車"
"438","33395","-1","未發車"
"438","33396","-1","未發車"
"438","33397","1",""
"438","33398","2",""
"438","33399","2",""
"438","33400","3",""
"438","33401","4",""
"438","33402","6",""
"438","33403","8",""
"438","33404","10",""
"438","33405","2",""
"438","33406","3",""
"438","33407","6",""
"438","33408","9",""
"438","33409","10",""
"438","33410","11",""
"438","33411","12",""
"438","33412","14",""
"438","33413","1",""
"438","33414","2",""
"438","33415","3",""
