"RouteID","StationId","EstimateTime","Memo"
"113","4002","228",""
"113","4003","228",""
"113","4004","230",""
"113","4005","231",""
"113","4006","233",""
"113","4007","236",""
"113","4008","236",""
"113","4009","238",""
"113","4010","239",""
"113","4011","241",""
"113","4012","242",""
"113","4013","244",""
"113","4014","244",""
"113","4015","245",""
"113","4016","245",""
"113","4017","246",""
"113","4018","247",""
"113","4019","248",""
"113","4020","248",""
"113","4021","250",""
"113","4022","250",""
"113","4023","250",""
"113","4024","250",""
"113","4025","250",""
"113","4026","250",""
"113","4027","250",""
"113","4028","250",""
"113","4029","250",""
"113","4030","250",""
"113","4031","250",""
"113","38997","250",""
"113","4032","250",""
"113","4033","250",""
"113","4034","250",""
"113","4035","250",""
"113","4036","250",""
"113","4037","250",""
"113","4038","250",""
"113","4039","250",""
"113","4040","250",""
"113","4041","250",""
"113","4042","250",""
"113","4043","250",""
"113","4044","250",""
"113","4045","250",""
"113","4046","250",""
"113","4047","250",""
"113","39650","250",""
"113","4048","250",""
"113","4049","250",""
"113","4050","250",""
"113","4051","250",""
"113","4052","250",""
"113","4053","250",""
"113","4054","250",""
"113","4055","250",""
"113","4082","250",""
"113","4083","250",""
"113","4084","250",""
"113","4085","250",""
"113","4086","250",""
"113","4087","250",""
"113","4088","250",""
"113","4089","250",""
"113","4090","2",""
"113","4091","3",""
"113","4092","5",""
"113","4093","8",""
"113","4094","8",""
"113","4095","9",""
"113","4096","10",""
"113","4097","11",""
"113","4098","12",""
"113","4099","14",""
"113","4100","15",""
"113","4101","16",""
"113","4102","17",""
"113","4103","18",""
"113","4104","19",""
"113","38998","20",""
"113","4106","21",""
"113","4107","23",""
"113","4108","23",""
"113","4109","26",""
"113","4110","28",""
"113","4111","28",""
"113","4112","29",""
"113","4113","29",""
"113","4114","30",""
"113","4115","31",""
"113","4116","32",""
"113","4117","33",""
"113","4118","34",""
"113","4119","35",""
"113","4120","37",""
"113","4121","37",""
"113","4122","39",""
"113","4124","40",""
"113","4125","41",""
"113","4126","42",""
"113","4127","45",""
"113","4128","46",""
"113","4129","48",""
"113","4130","49",""
"113","4131","50",""
"113","4132","51",""
"113","4133","53",""
"113","4134","54",""
"113","4135","55",""
"131","41314","173",""
"131","0397","174",""
"131","0398","174",""
"131","0399","175",""
"131","0400","176",""
"131","0401","177",""
"131","0402","177",""
"131","0403","178",""
"131","42276","179",""
"131","0404","181",""
"131","0405","182",""
"131","0406","182",""
"131","0407","183",""
"131","0408","185",""
"131","0409","187",""
"131","0410","187",""
"131","0411","189",""
"131","0412","191",""
"131","0413","191",""
"131","0414","192",""
"131","0415","193",""
"131","0416","195",""
"131","0417","196",""
"131","0418","197",""
"131","0419","198",""
"131","0420","198",""
"131","42274","138",""
"131","0372","142",""
"131","0373","143",""
"131","0374","144",""
"131","0375","145",""
"131","0376","147",""
"131","0377","149",""
"131","0378","151",""
"131","0379","152",""
"131","0380","153",""
"131","0381","155",""
"131","0382","156",""
"131","0383","157",""
"131","0384","159",""
"131","0385","159",""
"131","0386","161",""
"131","0387","162",""
"131","0388","163",""
"131","42275","163",""
"131","0389","165",""
"131","0390","166",""
"131","0391","166",""
"131","0392","167",""
"131","0393","168",""
"131","0394","169",""
"131","0395","170",""
"131","41313","170",""
"131","0396","171",""
"141","6622","71",""
"141","6626","74",""
"141","6627","75",""
"141","6628","77",""
"141","6629","77",""
"141","6630","2",""
"141","6631","3",""
"141","6632","3",""
"141","6633","4",""
"141","6634","5",""
"141","6635","6",""
"141","6636","6",""
"141","6637","7",""
"141","6639","8",""
"141","0018","9",""
"141","6640","10",""
"141","6641","11",""
"141","6642","12",""
"141","6643","12",""
"141","6644","14",""
"141","6645","16",""
"141","6646","17",""
"141","6647","18",""
"141","6648","21",""
"141","6649","22",""
"141","6650","23",""
"141","6651","23",""
"141","6652","24",""
"141","0289","37",""
"141","6602","45",""
"141","6603","45",""
"141","6604","46",""
"141","6605","46",""
"141","6606","47",""
"141","0017","48",""
"141","6607","49",""
"141","6608","50",""
"141","6609","51",""
"141","6610","51",""
"141","6611","52",""
"141","6612","53",""
"141","6613","54",""
"141","6614","54",""
"141","6615","56",""
"141","6616","58",""
"141","6617","59",""
"141","6618","61",""
"141","6619","62",""
"141","6620","67",""
"141","6621","68",""
"211","1422","-1","未發車"
"211","1423","-1","未發車"
"211","1424","-1","未發車"
"211","1425","-1","未發車"
"211","1426","-1","未發車"
"211","1427","-1","未發車"
"211","1428","-1","未發車"
"211","1429","-1","未發車"
"211","1430","-1","未發車"
"211","1431","-1","未發車"
"211","1432","-1","未發車"
"211","1433","-1","未發車"
"211","1434","-1","未發車"
"211","1435","-1","未發車"
"211","1436","-1","未發車"
"211","1437","-1","未發車"
"211","1438","-1","未發車"
"211","1439","-1","未發車"
"211","1440","-1","未發車"
"211","1442","-1","未發車"
"211","1443","-1","未發車"
"211","1444","-1","未發車"
"211","1445","2",""
"211","1446","3",""
"211","1447","4",""
"211","1448","5",""
"211","1449","6",""
"211","1450","7",""
"211","1451","8",""
"211","1452","10",""
"211","1453","12",""
"211","1454","13",""
"211","1455","14",""
"211","1456","16",""
"211","1457","17",""
"211","1458","17",""
"211","1459","18",""
"211","1460","19",""
"211","1461","1",""
"211","1462","2",""
"211","1463","4",""
"211","1464","5",""
"211","1465","6",""
"211","1466","8",""
"211","1467","10",""
"211","1468","2",""
"211","1469","3",""
"211","1470","4",""
"211","1471","6",""
"211","1472","9",""
"211","1473","9",""
"211","1474","10",""
"211","1475","11",""
"211","1476","13",""
"211","1477","14",""
"211","1478","20",""
"211","1479","22",""
"211","1480","25",""
"211","50575","25",""
"211","50574","26",""
"211","1483","33",""
"211","1484","35",""
"211","1485","36",""
"211","1486","3",""
"211","1487","4",""
"211","1488","6",""
"211","1489","6",""
"211","1490","8",""
"211","1491","3",""
"211","1492","5",""
"211","1493","6",""
"211","1494","7",""
"211","1495","8",""
"211","1496","9",""
"211","1497","9",""
"211","1498","10",""
"211","1499","11",""
"211","1500","11",""
"211","1501","12",""
"211","1502","13",""
"211","39067","13",""
"211","1503","15",""
"211","1504","16",""
"211","1505","17",""
"211","1506","18",""
"211","1507","20",""
"211","1508","21",""
"211","1509","22",""
"211","1510","24",""
"211","1511","25",""
"211","1512","26",""
"211","1513","26",""
"211","1514","28",""
"211","1515","28",""
"211","1516","29",""
"211","1517","30",""
"211","1518","31",""
"211","1519","32",""
"211","1520","2",""
"211","1521","3",""
"211","1522","4",""
"211","1523","5",""
"211","1524","6",""
"211","1525","8",""
"211","1526","9",""
"211","1527","10",""
"211","1528","11",""
"211","1529","11",""
"211","1530","13",""
"211","1531","13",""
"211","1532","15",""
"211","1533","16",""
"211","1534","17",""
"211","1535","2",""
"211","1537","5",""
"211","1538","6",""
"5312","7451","-1","未發車"
"5312","7452","-1","未發車"
"5312","7453","-1","未發車"
"5312","7454","-1","未發車"
"5312","7455","-1","未發車"
"5312","7456","1",""
"5312","7457","2",""
"5312","7458","3",""
"5312","7459","5",""
"5312","7460","6",""
"5312","7461","7",""
"5312","7462","8",""
"5312","7463","9",""
"5312","7464","12",""
"5312","7465","12",""
"5312","7466","15",""
"5312","7467","15",""
"5312","7468","16",""
"5312","7469","17",""
"5312","7470","19",""
"5312","7471","2",""
"5312","7472","4",""
"5312","7473","5",""
"5312","7474","6",""
"5312","7475","9",""
"5312","7476","11",""
"5312","7477","14",""
"5312","7478","15",""
"5312","7479","16",""
"5312","7480","18",""
"5312","7481","19",""
"5312","7482","20",""
"5312","7483","1",""
"5312","7484","1",""
"5312","7485","2",""
"5312","7486","3",""
"5312","7487","5",""
"5230","2181","-1","未發車"
"5230","2182","-1","未發車"
"5230","3485","-1","未發車"
"5230","2183","-1","未發車"
"5230","2184","-1","未發車"
"5230","42388","3",""
"5230","2185","4",""
"5230","2186","4",""
"5230","40510","5",""
"5230","2187","6",""
"5230","2188","6",""
"5230","2189","7",""
"5230","2190","8",""
"5230","2191","9",""
"5230","2192","9",""
"5230","2193","10",""
"5230","2194","11",""
"5230","2195","12",""
"5230","2196","13",""
"5230","2197","13",""
"5230","2198","14",""
"5230","2199","14",""
"5230","2200","14",""
"5230","2201","15",""
"5230","2202","17",""
"5230","2203","18",""
"5230","2204","20",""
"5230","2205","23",""
"5230","2206","24",""
"5230","2207","27",""
"5230","2208","28",""
"5230","2209","29",""
"5230","2210","29",""
"5230","2211","30",""
"5230","2212","30",""
"5230","2213","31",""
"5230","2214","32",""
"5230","2215","33",""
"5230","2216","33",""
"5230","2217","34",""
"5230","2218","34",""
"5230","2219","35",""
"5230","2220","36",""
"5230","2221","38",""
"5230","40511","39",""
"5230","2222","41",""
"5230","2223","42",""
"5230","42389","1",""
"5230","2224","1",""
"5230","2225","3",""
"5230","2226","4",""
"5230","2227","6",""
"5230","3486","6",""
"226","10661","-1","未發車"
"226","10662","-1","未發車"
"226","10663","-1","未發車"
"226","10664","-1","未發車"
"226","10665","-1","未發車"
"226","10666","-1","未發車"
"226","10667","1",""
"226","10668","3",""
"226","10669","5",""
"226","10670","5",""
"226","10671","7",""
"226","10672","8",""
"226","10673","9",""
"226","10674","10",""
"226","10675","12",""
"226","10676","15",""
"226","10677","15",""
"226","41368","5",""
"226","41370","9",""
"226","10678","13",""
"226","10679","13",""
"226","10680","14",""
"226","10681","15",""
"226","10682","15",""
"226","10683","15",""
"226","10684","16",""
"226","10685","17",""
"226","10686","17",""
"226","10687","18",""
"226","10688","18",""
"226","10689","19",""
"226","10690","19",""
"226","10691","20",""
"226","10692","21",""
"226","10693","21",""
"226","10694","21",""
"226","10695","22",""
"226","10696","23",""
"226","10697","1",""
"226","10698","3",""
"226","10699","5",""
"226","10700","6",""
"226","10701","7",""
"226","10702","7",""
"226","10703","8",""
"226","10704","8",""
"226","10705","9",""
"226","10706","9",""
"226","10707","10",""
"226","10708","10",""
"226","10709","11",""
"226","10710","11",""
"226","10711","12",""
"226","10712","12",""
"226","10713","13",""
"226","10714","13",""
"226","10715","14",""
"226","10716","15",""
"226","41371","2",""
"226","41369","7",""
"226","10717","11",""
"226","10718","2",""
"226","10719","3",""
"226","10720","5",""
"226","10721","7",""
"226","10722","8",""
"226","10723","9",""
"226","10724","1",""
"226","10725","3",""
"226","10726","5",""
"226","10727","1",""
"226","10728","2",""
"226","10729","3",""
"226","10730","4",""
"226","10731","6",""
"226","10732","7",""
"190","14931","37",""
"190","14932","41",""
"190","14933","41",""
"190","14934","42",""
"190","14935","43",""
"190","14936","43",""
"190","0016","43",""
"190","14937","45",""
"190","14938","46",""
"190","14939","47",""
"190","14940","48",""
"190","14941","49",""
"190","14942","50",""
"190","14943","52",""
"190","14944","53",""
"190","14945","53",""
"190","14946","53",""
"190","14947","54",""
"190","14948","55",""
"190","14949","55",""
"190","14950","56",""
"190","14951","57",""
"190","14952","57",""
"190","1551","58",""
"190","14953","58",""
"190","14954","58",""
"190","14955","59",""
"190","14956","60",""
"190","14957","60",""
"190","14958","60",""
"190","14959","63",""
"190","14960","64",""
"190","1552","65",""
"190","14961","65",""
"190","14962","67",""
"190","14963","68",""
"190","14964","68",""
"190","14965","70",""
"190","14966","71",""
"190","14967","71",""
"190","14968","71",""
"190","14969","72",""
"190","14970","73",""
"190","14971","73",""
"190","14972","74",""
"190","14973","74",""
"190","14974","75",""
"190","14975","1",""
"190","14976","2",""
"190","14977","3",""
"190","4554","3",""
"190","14978","4",""
"190","14979","4",""
"190","14980","5",""
"190","14981","7",""
"190","14982","7",""
"190","14983","9",""
"190","14984","10",""
"190","14985","11",""
"190","14986","11",""
"190","14987","13",""
"190","14988","15",""
"190","14990","19",""
"190","41257","20",""
"190","14871","38",""
"190","14872","40",""
"190","14873","40",""
"190","14874","42",""
"190","14875","43",""
"190","14876","44",""
"190","14877","45",""
"190","14878","45",""
"190","14879","47",""
"190","14880","47",""
"190","14881","48",""
"190","14882","49",""
"190","14883","50",""
"190","4553","51",""
"190","14884","51",""
"190","14885","52",""
"190","14886","52",""
"190","14887","53",""
"190","14888","53",""
"190","14889","54",""
"190","14890","55",""
"190","14891","55",""
"190","14892","56",""
"190","14893","56",""
"190","14894","57",""
"190","14895","58",""
"190","14896","59",""
"190","14897","59",""
"190","14898","60",""
"190","14899","60",""
"190","14900","62",""
"190","1549","2",""
"190","14901","2",""
"190","14902","3",""
"190","14903","4",""
"190","14904","4",""
"190","14905","4",""
"190","14906","5",""
"190","14907","5",""
"190","14908","6",""
"190","1550","6",""
"190","14909","6",""
"190","14910","7",""
"190","14911","8",""
"190","14912","8",""
"190","14913","9",""
"190","14914","9",""
"190","14915","10",""
"190","14916","10",""
"190","14917","11",""
"190","14918","11",""
"190","14919","12",""
"190","14920","13",""
"190","14921","14",""
"190","14922","15",""
"190","14923","16",""
"190","14924","18",""
"190","14925","19",""
"190","0015","20",""
"190","14926","20",""
"190","14927","21",""
"190","14928","22",""
"190","14929","22",""
"190","14930","23",""
"5243","16465","13",""
"5243","16466","13",""
"5243","16467","14",""
"5243","39468","15",""
"5243","16468","16",""
"5243","16469","17",""
"5243","16470","17",""
"5243","16471","18",""
"5243","16472","18",""
"5243","16473","20",""
"5243","16474","21",""
"5243","41293","22",""
"5243","16475","22",""
"5243","16476","23",""
"5243","16477","23",""
"5243","16478","24",""
"5243","16479","24",""
"5243","16480","26",""
"5243","2242","26",""
"5243","42330","28",""
"5243","2243","29",""
"5243","16481","31",""
"5243","16482","32",""
"5243","16483","32",""
"5243","16484","33",""
"5243","16485","34",""
"5243","16486","35",""
"5243","16487","35",""
"5243","16488","36",""
"5243","16489","37",""
"5243","16490","38",""
"5243","16491","38",""
"5243","16492","39",""
"5243","16493","40",""
"5243","16494","40",""
"5243","16495","41",""
"5243","16496","43",""
"5243","16497","45",""
"5243","16498","47",""
"5243","16431","97",""
"5243","16432","99",""
"5243","16433","101",""
"5243","16434","103",""
"5243","16435","103",""
"5243","16436","104",""
"5243","16437","104",""
"5243","16438","105",""
"5243","16439","105",""
"5243","16440","106",""
"5243","16441","107",""
"5243","16442","107",""
"5243","16443","108",""
"5243","16444","110",""
"5243","16445","1",""
"5243","16446","2",""
"5243","16447","3",""
"5243","2178","4",""
"5243","42329","5",""
"5243","2179","6",""
"5243","16448","7",""
"5243","16449","7",""
"5243","16450","8",""
"5243","16451","8",""
"5243","16452","9",""
"5243","16453","10",""
"5243","41292","10",""
"5243","16454","11",""
"5243","16455","11",""
"5243","16456","14",""
"5243","16457","15",""
"5243","16458","16",""
"5243","16459","16",""
"5243","16460","17",""
"5243","39467","18",""
"5243","16461","19",""
"5243","16462","20",""
"5243","16463","20",""
"5243","16464","21",""
"5239","15791","2",""
"5239","15792","3",""
"5239","15793","7",""
"5239","0047","8",""
"5239","15794","9",""
"5239","15795","10",""
"5239","15796","10",""
"5239","15797","11",""
"5239","15798","12",""
"5239","0048","13",""
"5239","15799","13",""
"5239","15800","14",""
"5239","15801","14",""
"5239","15802","15",""
"5239","15803","16",""
"5239","15804","16",""
"5239","15805","18",""
"5239","15806","19",""
"5239","15807","20",""
"5239","15808","21",""
"5239","15809","21",""
"5239","15810","22",""
"5239","15811","23",""
"5239","15812","24",""
"5239","15813","24",""
"5239","1936","25",""
"5239","15814","25",""
"5239","15815","26",""
"5239","15816","26",""
"5239","15817","27",""
"5239","15818","27",""
"5239","15819","30",""
"5239","15820","30",""
"5239","15821","30",""
"5239","15822","31",""
"5239","15823","31",""
"5239","15824","32",""
"5239","15825","33",""
"5239","15826","34",""
"5239","15827","37",""
"5239","15828","38",""
"5239","15829","38",""
"5239","15830","39",""
"5239","15831","39",""
"5239","15832","40",""
"5239","15833","40",""
"5239","15834","42",""
"5239","15835","44",""
"5239","15836","46",""
"5239","15837","46",""
"5239","15838","47",""
"5239","1937","47",""
"5239","15839","48",""
"5239","15840","49",""
"5239","15841","49",""
"5239","15842","50",""
"5239","15843","51",""
"5239","15844","52",""
"5239","15845","53",""
"5239","15846","54",""
"5239","15847","55",""
"5239","15848","56",""
"5239","15849","57",""
"5239","15850","59",""
"5239","15851","60",""
"5239","15852","61",""
"5239","15853","61",""
"5239","0049","62",""
"5239","15854","63",""
"5239","15855","63",""
"5239","15856","64",""
"5239","15857","66",""
"5239","15858","67",""
"5239","0050","70",""
"5239","15859","73",""
"5239","15860","80",""
"5239","15861","81",""
"5239","15862","82",""
"7005","22141","17",""
"7005","22142","17",""
"7005","22143","18",""
"7005","22144","18",""
"7005","22145","19",""
"7005","22146","19",""
"7005","22147","20",""
"8029","26101","77",""
"8029","26102","77",""
"8029","26103","80",""
"8029","26104","80",""
"8029","26105","82",""
"8029","26106","86",""
"8029","26107","88",""
"8029","26108","90",""
"8029","26109","90",""
"8029","26110","92",""
"8029","26111","93",""
"8031","26171","157",""
"8031","26172","157",""
"8031","26173","158",""
"8031","26174","158",""
"8031","26175","159",""
"8031","26176","159",""
"8031","26177","160",""
"8031","26178","160",""
"8031","26179","161",""
"8031","26180","161",""
"8031","26181","162",""
"8031","26184","162",""
"8031","26183","163",""
"8031","26185","163",""
"8031","26187","164",""
"8031","26190","164",""
"8031","26191","165",""
"8031","26192","165",""
"8031","26193","166",""
"8031","26194","166",""
"8031","26195","167",""
"8031","26196","167",""
"8031","26197","168",""
"8031","26198","168",""
"8031","26199","169",""
"8031","26200","169",""
"8031","26201","170",""
"8031","26202","170",""
"8031","26203","171",""
"2035","27511","18",""
"2035","27512","19",""
"2035","27513","25",""
"2035","27514","28",""
"2035","27515","35",""
"2035","27516","38",""
"1040","29781","250",""
"1040","29782","250",""
"1040","29783","250",""
"1040","29784","250",""
"1040","29785","250",""
"1040","29786","250",""
"1040","29787","250",""
"1075","32022","67",""
"1075","32023","69",""
"1075","32024","72",""
"1075","32025","73",""
"1075","32026","75",""
"1075","32027","76",""
"1075","32028","77",""
"1075","32029","78",""
"1075","32030","79",""
"1075","32031","81",""
"1075","32032","82",""
"1075","32033","82",""
"1075","32034","82",""
"1075","32035","83",""
"1075","32036","85",""
"1075","32037","85",""
"1075","32038","88",""
"1075","32039","91",""
"1075","32040","95",""
"1075","32041","95",""
"1075","41054","96",""
"1075","41053","97",""
"1075","32042","99",""
"1075","41055","100",""
"1075","32043","101",""
"1075","32044","103",""
"1075","32045","104",""
"1075","32046","107",""
"1075","32047","109",""
"1075","32048","111",""
"1075","32049","112",""
"1075","32050","112",""
"1075","32051","113",""
"1075","32052","114",""
"1075","32053","115",""
"1075","32054","116",""
"1075","32055","116",""
"1075","32056","116",""
"1075","41684","117",""
"1075","41685","118",""
"1075","41686","119",""
"1075","32059","123",""
"1075","32060","124",""
"1075","32061","125",""
"1075","32062","125",""
"1075","32063","125",""
"1075","32064","126",""
"1075","32065","126",""
"1075","32066","128",""
"1075","32067","129",""
"1075","32068","130",""
"1075","32069","130",""
"1075","32070","131",""
"1075","32071","133",""
"1075","32072","135",""
"1075","32073","139",""
"1075","32074","140",""
"1075","32075","141",""
"5623","7151","254",""
"5623","7152","254",""
"5623","7153","254",""
"5623","7154","254",""
"5623","7155","1",""
"5623","7156","1",""
"5623","40734","2",""
"5623","7157","5",""
"5623","7158","6",""
"5623","7159","9",""
"5623","7160","11",""
"5623","7161","13",""
"5623","42196","13",""
"5623","7162","18",""
"5623","7163","27",""
"5623","7164","30",""
"5623","7165","31",""
"5623","7166","35",""
"5623","7167","38",""
"5623","7168","38",""
"5623","7169","38",""
"5623","41254","39",""
"5623","7170","43",""
"5623","7171","44",""
"5623","7172","44",""
"5623","7173","45",""
"5623","7174","49",""
"2008","22641","22",""
"2008","22642","23",""
"2008","22643","24",""
"2008","22644","24",""
"2008","22645","25",""
"2008","22646","26",""
"2008","22647","26",""
"2008","22648","27",""
"2008","22649","28",""
"2008","22650","29",""
"2008","22651","29",""
"2008","22652","30",""
"2008","22653","31",""
"2008","22654","33",""
"2008","22655","33",""
"2008","22656","33",""
"2008","22657","34",""
"2008","22658","34",""
"2008","22659","35",""
"2008","22660","36",""
"2008","22661","36",""
"2008","22662","37",""
"2008","22663","38",""
"2008","22664","38",""
"2008","22665","40",""
"2008","22666","41",""
"2008","22667","45",""
"2008","22668","45",""
"2008","22669","46",""
"2008","22670","47",""
"2008","22671","47",""
"2008","22672","48",""
"2008","22673","49",""
"2008","22674","50",""
"2008","22675","52",""
"2008","22676","52",""
"2008","22677","53",""
"2008","22678","55",""
"2008","22679","55",""
"2008","22680","56",""
"2008","22681","57",""
"2008","22682","57",""
"2008","22683","59",""
"2008","22684","59",""
"2008","22685","61",""
"2008","22686","61",""
"2008","22687","62",""
"2008","22688","63",""
"2008","22689","63",""
"2008","22690","64",""
"2008","22691","65",""
"2008","22692","65",""
"2008","22693","67",""
"9014","27821","38",""
"9014","27822","38",""
"9014","27823","1",""
"9014","27824","2",""
"9014","27825","3",""
"9014","27826","4",""
"9014","27827","6",""
"9014","27828","6",""
"9014","27829","10",""
"9014","27830","12",""
"9014","27831","14",""
"9014","27832","16",""
"9014","27833","16",""
"9014","27834","17",""
"9014","27835","18",""
"9014","27836","20",""
"9014","27837","21",""
"9014","27838","21",""
"9014","27839","23",""
"9014","27840","24",""
"9014","27841","24",""
"9014","27842","26",""
"9020","28011","58",""
"9020","28012","58",""
"9020","28013","63",""
"9020","28014","65",""
"9020","28015","65",""
"9020","28016","68",""
"9020","28017","74",""
"9020","28018","74",""
"9020","28019","80",""
"9020","28020","81",""
"9020","28021","83",""
"9020","28022","84",""
"9020","28023","85",""
"9020","28024","85",""
"9020","28025","86",""
"9020","28026","87",""
"9020","28027","88",""
"9020","28028","91",""
"9020","28029","91",""
"6014","27231","250",""
"6014","27232","250",""
"6014","27233","250",""
"6014","27234","250",""
"6014","27235","250",""
"6014","27236","250",""
"6014","27237","250",""
"6014","27238","250",""
"6014","27239","250",""
"6029","30381","37",""
"6029","30382","38",""
"6029","30383","41",""
"6029","30384","42",""
"6029","30385","44",""
"6029","30386","45",""
"6029","30387","47",""
"6029","30388","48",""
"6029","30389","49",""
"6029","30390","49",""
"6029","30391","54",""
"6029","30392","57",""
"6029","30393","60",""
"6029","30394","61",""
"6029","30395","62",""
"6029","30396","63",""
"6029","30397","64",""
"6029","30398","64",""
"6029","30399","65",""
"6029","30400","66",""
"6029","30401","67",""
"6029","30402","71",""
"6029","30403","5",""
"6029","30404","5",""
"6029","30405","9",""
"6029","30406","10",""
"6029","30407","10",""
"6029","30408","13",""
"6029","30409","13",""
"6029","30410","15",""
"6029","30411","16",""
"6029","30412","16",""
"6029","30413","17",""
"803","11954","19",""
"803","11955","19",""
"803","11956","20",""
"803","11957","20",""
"803","11958","20",""
"803","11959","21",""
"803","1153","22",""
"803","11960","23",""
"803","11961","24",""
"803","11962","24",""
"803","11963","25",""
"803","11964","26",""
"803","11965","1",""
"803","11966","3",""
"803","11967","4",""
"803","11968","5",""
"803","11969","6",""
"803","11970","7",""
"803","11971","8",""
"803","11972","10",""
"803","11973","10",""
"803","11974","12",""
"803","11975","12",""
"803","11976","13",""
"803","11977","13",""
"803","11978","15",""
"803","11979","17",""
"803","11980","18",""
"803","11981","19",""
"803","11982","21",""
"803","11983","21",""
"803","11984","22",""
"803","11985","23",""
"803","11986","24",""
"803","11987","25",""
"803","11988","27",""
"803","11989","28",""
"803","11990","29",""
"803","11991","30",""
"803","11992","31",""
"803","11993","32",""
"803","11921","-1","未發車"
"803","11922","-1","未發車"
"803","11923","-1","未發車"
"803","11924","-1","未發車"
"803","11925","-1","未發車"
"803","11926","-1","未發車"
"803","11927","-1","未發車"
"803","11928","-1","未發車"
"803","11929","-1","未發車"
"803","11930","-1","未發車"
"803","11931","-1","未發車"
"803","11932","-1","未發車"
"803","11933","-1","未發車"
"803","11934","-1","未發車"
"803","11935","1",""
"803","11936","1",""
"803","11937","3",""
"803","11938","4",""
"803","11939","5",""
"803","11940","5",""
"803","11941","6",""
"803","11942","7",""
"803","11943","7",""
"803","11944","8",""
"803","11945","9",""
"803","11946","11",""
"803","11947","12",""
"803","11948","13",""
"803","11949","15",""
"803","11950","15",""
"803","11951","16",""
"803","11952","17",""
"803","11953","19",""
"5663","21494","8",""
"5663","21495","8",""
"5663","21496","10",""
"5663","21497","12",""
"5663","21498","13",""
"5663","21499","14",""
"5663","21500","15",""
"5663","21501","22",""
"5663","21502","22",""
"5663","21503","28",""
"5663","21504","29",""
"5663","21505","30",""
"5663","21506","31",""
"5663","21507","31",""
"5663","21508","32",""
"5663","21509","32",""
"5663","21510","33",""
"5663","21511","34",""
"5663","40540","34",""
"5663","21512","35",""
"5663","21513","37",""
"5663","21514","38",""
"5663","21515","39",""
"5663","21516","40",""
"5663","21517","43",""
"5663","21518","44",""
"5663","21519","45",""
"5663","21520","45",""
"5663","21521","47",""
"5663","21522","48",""
"5663","21523","48",""
"5663","21524","49",""
"5663","21525","49",""
"5663","21526","50",""
"5663","21527","50",""
"5663","21528","52",""
"5663","21529","52",""
"5663","39619","1",""
"5663","21530","2",""
"5663","21531","1",""
"5663","21535","1",""
"5663","21536","2",""
"5663","21537","2",""
"5663","21538","3",""
"5663","21539","3",""
"5663","21540","4",""
"5663","21541","4",""
"5663","21542","5",""
"5663","21543","5",""
"5663","21544","6",""
"5663","21545","6",""
"5663","21546","7",""
"5663","21547","8",""
"5663","21548","8",""
"5663","21549","9",""
"5663","21550","9",""
"5663","21551","10",""
"5663","21552","10",""
"5663","21553","11",""
"5663","21554","12",""
"5663","21555","18",""
"5663","21556","19",""
"5663","21557","19",""
"5663","21558","21",""
"5663","21559","21",""
"5663","21560","21",""
"5663","21561","21",""
"5663","21562","22",""
"5663","21563","22",""
"5663","21564","24",""
"5663","21565","26",""
"5663","21566","28",""
"5663","21567","29",""
"5663","21568","30",""
"5663","21569","30",""
"5663","21570","34",""
"5663","21571","35",""
"5663","21572","36",""
"5663","21573","38",""
"5663","21574","2",""
"5663","21578","2",""
"5663","21579","3",""
"5663","21580","3",""
"5663","21581","4",""
"5663","21582","8",""
"5663","21583","9",""
"5663","21584","10",""
"5663","21585","10",""
"5663","21586","11",""
"5663","21587","12",""
"5663","21588","13",""
"5663","21589","14",""
"5663","21590","15",""
"5663","21591","16",""
"5663","21592","16",""
"5663","21593","17",""
"5663","21594","17",""
"5663","21595","19",""
"5663","40541","19",""
"5663","21596","21",""
"5663","21597","21",""
"5663","21598","23",""
"5663","21599","24",""
"5663","21600","24",""
"5663","21601","25",""
"5663","21602","25",""
"5663","21603","26",""
"5663","21604","27",""
"5663","21605","30",""
"5663","21606","35",""
"5663","21607","36",""
"5663","21608","38",""
"5663","21609","42",""
"5663","21610","43",""
"5663","21611","44",""
"5663","21612","45",""
"5663","21613","46",""
"5663","21614","47",""
"5663","21615","48",""
"5663","21616","49",""
"5663","21617","49",""
"127","12451","18",""
"127","12452","18",""
"127","12453","20",""
"127","12454","21",""
"127","12455","23",""
"127","12456","23",""
"127","12457","24",""
"127","12458","27",""
"127","12459","28",""
"127","12460","29",""
"127","12461","30",""
"127","12462","31",""
"127","12463","1",""
"127","12464","2",""
"127","12465","3",""
"127","12466","3",""
"127","12467","5",""
"127","12468","5",""
"127","12469","6",""
"127","12470","7",""
"127","12471","9",""
"127","12472","9",""
"127","12473","10",""
"127","12474","12",""
"127","12475","12",""
"127","12476","13",""
"127","12477","13",""
"127","12478","15",""
"127","12479","15",""
"127","12480","16",""
"127","12481","17",""
"127","12482","18",""
"127","12483","19",""
"127","12484","19",""
"127","12485","20",""
"127","12486","21",""
"127","12487","22",""
"127","12488","22",""
"127","12489","23",""
"127","12490","23",""
"127","12491","24",""
"127","12492","24",""
"127","12493","1",""
"127","12494","2",""
"127","12495","3",""
"127","12496","3",""
"127","12497","4",""
"127","12498","5",""
"127","12499","5",""
"127","12500","6",""
"127","12501","6",""
"127","12502","7",""
"127","12503","9",""
"127","12504","10",""
"127","12505","11",""
"127","12506","13",""
"127","12507","13",""
"127","12508","14",""
"127","12509","14",""
"127","12510","15",""
"127","12511","15",""
"127","12512","16",""
"127","12513","16",""
"127","12514","17",""
"127","12515","18",""
"127","12516","19",""
"127","12517","19",""
"127","12518","20",""
"127","12519","21",""
"127","12520","22",""
"127","12521","23",""
"127","12522","23",""
"127","12523","23",""
"127","12524","24",""
"127","12525","24",""
"127","12526","25",""
"127","12527","25",""
"127","12528","26",""
"127","12529","27",""
"127","12530","28",""
"127","12531","28",""
"127","12532","29",""
"127","12533","30",""
"127","12534","30",""
"127","12535","31",""
"127","12536","32",""
"127","12537","1",""
"128","19482","250",""
"128","19483","250",""
"128","19484","250",""
"128","19485","250",""
"128","19486","250",""
"128","19487","250",""
"128","19488","250",""
"128","19489","250",""
"128","19490","250",""
"128","19491","250",""
"128","19492","250",""
"128","19493","250",""
"128","19494","250",""
"128","19495","250",""
"128","19496","250",""
"128","19497","250",""
"128","19498","250",""
"128","19499","250",""
"128","19500","250",""
"128","19501","250",""
"128","19502","250",""
"128","19503","250",""
"128","19504","250",""
"128","19505","250",""
"128","19506","250",""
"128","19507","250",""
"128","19508","250",""
"128","19509","250",""
"128","19510","250",""
"128","19511","250",""
"128","19512","250",""
"128","19513","250",""
"128","19514","250",""
"128","19515","250",""
"128","19516","250",""
"128","19517","250",""
"128","19518","250",""
"128","19519","250",""
"128","19520","250",""
"128","19521","250",""
"128","19522","250",""
"128","19523","250",""
"128","19524","250",""
"128","19525","250",""
"128","19526","250",""
"128","19527","250",""
"128","19528","250",""
"128","19529","250",""
"128","19530","250",""
"128","19531","250",""
"128","19532","250",""
"128","19533","250",""
"128","19534","250",""
"128","19535","250",""
"128","19536","250",""
"128","19537","250",""
"128","19538","250",""
"128","19539","250",""
"128","19540","250",""
"128","19541","250",""
"128","19542","250",""
"128","19543","250",""
"128","19544","250",""
"128","19545","250",""
"128","19546","250",""
"128","19547","250",""
"128","19548","250",""
"128","19549","250",""
"128","19550","250",""
"482","32451","1",""
"482","32452","2",""
"482","32453","3",""
"482","32454","3",""
"482","32455","5",""
"482","1160","6",""
"482","32456","7",""
"482","32457","10",""
"482","32458","12",""
"482","32459","15",""
"482","32460","17",""
"482","32461","20",""
"482","32462","22",""
"482","32463","24",""
"482","32464","26",""
"482","32465","26",""
"482","32466","27",""
"482","32467","27",""
"482","32468","29",""
"482","32469","1",""
"482","32470","1",""
"482","32471","3",""
"482","32472","3",""
"482","32473","4",""
"482","32474","5",""
"482","32475","7",""
"482","32476","7",""
"482","32477","9",""
"482","32478","9",""
"482","32479","10",""
"482","32480","10",""
"482","32481","11",""
"482","32482","12",""
"482","32483","12",""
"482","32484","13",""
"482","32485","14",""
"482","32486","14",""
"482","32487","15",""
"482","32488","16",""
"482","32489","17",""
"482","32490","17",""
"482","32491","18",""
"482","32492","18",""
"482","32493","19",""
"482","32494","20",""
"482","32495","21",""
"482","32406","-1","未發車"
"482","32407","-1","未發車"
"482","32408","-1","未發車"
"482","32409","-1","未發車"
"482","32410","-1","未發車"
"482","32411","-1","未發車"
"482","32412","-1","未發車"
"482","32413","-1","未發車"
"482","32414","-1","未發車"
"482","32415","-1","未發車"
"482","32416","-1","未發車"
"482","32417","-1","未發車"
"482","32418","-1","未發車"
"482","32419","-1","未發車"
"482","32420","-1","未發車"
"482","32421","-1","未發車"
"482","32422","-1","未發車"
"482","32423","-1","未發車"
"482","32424","-1","未發車"
"482","32425","-1","未發車"
"482","32426","-1","未發車"
"482","32427","-1","未發車"
"482","32428","-1","未發車"
"482","32429","-1","未發車"
"482","32430","-1","未發車"
"482","32431","-1","未發車"
"482","32432","-1","未發車"
"482","32433","-1","未發車"
"482","32434","-1","未發車"
"482","32435","-1","未發車"
"482","32436","3",""
"482","32437","6",""
"482","32438","8",""
"482","32439","11",""
"482","32440","14",""
"482","32441","16",""
"482","32442","19",""
"482","32443","21",""
"482","32444","23",""
"482","32445","26",""
"482","32446","26",""
"482","32447","27",""
"482","32448","29",""
"482","32449","30",""
"482","32450","33",""
"157","33126","2",""
"157","33127","4",""
"157","33128","4",""
"157","33129","6",""
"157","33130","1",""
"157","33131","2",""
"157","33132","5",""
"157","33133","3",""
"157","33134","3",""
"157","33135","4",""
"157","33136","5",""
"157","2249","5",""
"157","33137","7",""
"157","33138","7",""
"157","33139","9",""
"157","33140","10",""
"157","33141","12",""
"157","33142","13",""
"157","33143","4",""
"157","33144","2",""
"157","33145","4",""
"157","33146","4",""
"157","33147","6",""
"157","33148","6",""
"157","33149","8",""
"157","33150","9",""
"157","33151","10",""
"157","33152","12",""
"157","33153","13",""
"157","33154","14",""
"157","33155","1",""
"157","33156","2",""
"157","33157","3",""
"157","33158","4",""
"157","33159","5",""
"157","33160","7",""
"157","33161","8",""
"157","33162","10",""
"157","33163","10",""
"157","33164","11",""
"157","33165","12",""
"157","33087","-1","未發車"
"157","33088","-1","未發車"
"157","33089","-1","未發車"
"157","33090","-1","未發車"
"157","33091","-1","未發車"
"157","33092","-1","未發車"
"157","33093","1",""
"157","33094","3",""
"157","33095","4",""
"157","33096","5",""
"157","33097","7",""
"157","33098","8",""
"157","33099","9",""
"157","33100","2",""
"157","33101","5",""
"157","39649","6",""
"157","33102","6",""
"157","33103","6",""
"157","33104","8",""
"157","33105","9",""
"157","33106","10",""
"157","33107","11",""
"157","33108","2",""
"157","33109","3",""
"157","33110","8",""
"157","33111","9",""
"157","33112","11",""
"157","33113","12",""
"157","33114","14",""
"157","33115","15",""
"157","33116","15",""
"157","33117","2",""
"157","33118","3",""
"157","33119","7",""
"157","33120","8",""
"157","33121","3",""
"157","33122","5",""
"157","33123","7",""
"157","33124","8",""
"157","33125","10",""
"5410","33455","3",""
"5410","33456","3",""
"5410","33457","4",""
"5410","33458","6",""
"5410","33459","6",""
"5410","33460","7",""
"5410","33461","10",""
"5410","33462","11",""
"5410","33463","13",""
"5410","33464","15",""
"5410","33465","16",""
"5410","33466","18",""
"5410","33467","19",""
"5410","33468","20",""
"5410","33469","20",""
"5410","33470","20",""
"5410","33471","21",""
"5410","33472","22",""
"5410","33473","22",""
"5410","33474","24",""
"5410","38976","24",""
"5410","33475","24",""
"5410","1372","25",""
"5410","1373","25",""
"5410","1374","26",""
"5410","1375","26",""
"5410","1376","27",""
"5410","1377","27",""
"5410","1378","28",""
"5410","1379","30",""
"5410","1380","30",""
"5410","1381","31",""
"5410","1382","31",""
"5410","1383","32",""
"5410","38981","33",""
"5410","1384","33",""
"5410","38978","34",""
"5410","33476","34",""
"5410","33477","35",""
"5410","33478","36",""
"5410","33479","36",""
"5410","33480","37",""
"5410","33481","38",""
"5410","33482","38",""
"5410","33483","39",""
"5410","55858","40",""
"5410","33484","40",""
"5410","33485","41",""
"5410","33486","43",""
"5410","33487","43",""
"5410","33488","44",""
"5410","33489","46",""
"5410","33491","46",""
"5410","33492","47",""
"5410","33493","48",""
"5410","33494","49",""
"5410","33495","51",""
"5410","33496","52",""
"5410","33497","54",""
"5410","33498","57",""
"5410","33499","58",""
"5410","33500","60",""
"5410","33501","61",""
"5410","33502","63",""
"5410","33503","65",""
"5410","33504","2",""
"5410","33505","2",""
"5410","33506","5",""
"5410","33507","6",""
"5410","33508","7",""
"5410","33509","9",""
"5410","33510","10",""
"5410","33511","11",""
"5410","33512","12",""
"5410","33515","13",""
"5410","33516","14",""
"5410","33517","15",""
"5410","33518","16",""
"5410","33519","16",""
"5410","55859","17",""
"5410","33520","18",""
"5410","33521","19",""
"5410","33522","20",""
"5410","33523","20",""
"5410","33524","21",""
"5410","33525","22",""
"5410","33526","22",""
"5410","33527","23",""
"5410","38979","23",""
"5410","1385","24",""
"5410","1386","24",""
"5410","1387","24",""
"5410","1388","25",""
"5410","1389","25",""
"5410","1390","26",""
"5410","1391","27",""
"5410","1394","27",""
"5410","1395","29",""
"5410","1396","30",""
"5410","1397","30",""
"5410","1398","31",""
"5410","1399","32",""
"5410","38982","32",""
"5410","33528","32",""
"5410","38977","32",""
"5410","33529","33",""
"5410","33530","34",""
"5410","33531","35",""
"5410","33532","35",""
"5410","33533","36",""
"5410","33534","37",""
"5410","33535","37",""
"5410","33536","38",""
"5410","33537","38",""
"5410","33538","40",""
"5410","33539","41",""
"5410","33540","41",""
"5410","33541","42",""
"5410","33542","44",""
"5410","33543","45",""
"5410","33544","47",""
"5410","33545","48",""
"5410","33546","49",""
"5410","33547","50",""
"5215","33559","47",""
"5215","33560","47",""
"5215","33561","48",""
"5215","33562","48",""
"5215","33563","49",""
"5215","33564","49",""
"5215","33565","50",""
"5215","33566","50",""
"5215","33567","53",""
"5215","34431","54",""
"5215","33568","56",""
"5215","33569","59",""
"5215","33570","60",""
"5215","33571","61",""
"5215","33572","61",""
"5215","33573","62",""
"5215","33574","64",""
"5215","33575","64",""
"5215","33576","67",""
"5215","33577","67",""
"5215","33578","69",""
"5215","33579","69",""
"5215","33580","70",""
"5215","33581","70",""
"5215","34432","72",""
"5215","33582","74",""
"5215","33583","74",""
"5215","3566","75",""
"5215","33584","75",""
"5215","33585","76",""
"5215","45948","77",""
"5215","33586","77",""
"5215","33587","80",""
"5215","33588","84",""
"5215","33589","85",""
"5215","33590","85",""
"5215","33591","86",""
"5215","33592","88",""
"5215","33593","89",""
"5215","33594","90",""
"5215","33595","91",""
"5215","33596","92",""
"5215","33597","93",""
"5215","33598","94",""
"5215","33599","97",""
"5215","33600","97",""
"5215","33601","98",""
"5215","33602","99",""
"5215","33603","101",""
"5215","33604","102",""
"5215","33605","103",""
"5215","33606","105",""
"5215","33607","107",""
"5215","33608","107",""
"5215","33609","108",""
"5215","34433","114",""
"5215","45949","114",""
"5215","34434","115",""
"5215","34435","117",""
"5215","3567","121",""
"5215","34436","121",""
"5215","33610","122",""
"5215","34437","125",""
"5215","34438","127",""
"5215","34439","127",""
"5215","34440","128",""
"5215","34441","129",""
"5215","34442","131",""
"5215","34443","131",""
"5215","34444","132",""
"5215","34445","134",""
"5215","34446","136",""
"5215","34447","2",""
"5215","33611","3",""
"5215","33612","5",""
"5215","33613","7",""
"5215","33614","9",""
"5215","33615","10",""
"5215","33616","11",""
"5215","33617","12",""
"5215","33618","12",""
"5215","33619","13",""
"5215","33620","13",""
"5215","33621","13",""
"485","33722","-1","未發車"
"485","33723","-1","未發車"
"485","33724","-1","未發車"
"485","33725","-1","未發車"
"485","33726","-1","未發車"
"485","33727","-1","未發車"
"485","33728","-1","未發車"
"485","33729","-1","未發車"
"485","33730","-1","未發車"
"485","33731","-1","未發車"
"485","33732","-1","未發車"
"485","33733","-1","未發車"
"485","1854","2",""
"485","33734","3",""
"485","33735","4",""
"485","33736","4",""
"485","33737","5",""
"485","33738","6",""
"485","33739","7",""
"485","33740","8",""
"485","33741","9",""
"485","33742","9",""
"485","33743","11",""
"485","33744","13",""
"485","33745","14",""
"485","33746","15",""
"485","33747","16",""
"485","33748","21",""
"485","3658","22",""
"485","33749","23",""
"485","33750","24",""
"485","33751","25",""
"485","33752","26",""
"485","33753","27",""
"485","33754","1",""
"485","33755","2",""
"485","33756","3",""
"485","33757","4",""
"485","33758","5",""
"485","33759","5",""
"485","33760","6",""
"485","33761","7",""
"485","33762","8",""
"485","33763","9",""
"485","33764","11",""
"485","33765","13",""
"485","33766","13",""
"485","33767","17",""
"485","33768","18",""
"485","33770","20",""
"485","33771","22",""
"485","33773","24",""
"485","33774","27",""
"485","33775","29",""
"485","33776","30",""
"485","2248","31",""
"485","33777","33",""
"485","33778","34",""
"485","33779","1",""
"485","33780","1",""
"485","33781","2",""
"485","33782","3",""
"485","33783","4",""
"485","33784","6",""
"485","33785","7",""
"485","33787","7",""
"485","33788","8",""
"485","33789","9",""
"485","33790","11",""
"485","33791","14",""
"485","33793","17",""
"485","33794","18",""
"485","33796","20",""
"485","33797","21",""
"485","33798","23",""
"485","33799","25",""
"485","33800","25",""
"485","33801","26",""
"485","33802","27",""
"485","33803","2",""
"485","33804","2",""
"485","33805","3",""
"485","33806","5",""
"485","33807","6",""
"485","33808","7",""
"485","33809","7",""
"485","33810","9",""
"485","33811","10",""
"485","33812","12",""
"485","33813","13",""
"485","33814","14",""
"485","33815","14",""
"485","3659","16",""
"485","33816","16",""
"485","33817","21",""
"485","33818","23",""
"485","33819","23",""
"485","33820","24",""
"485","1855","25",""
"485","33821","26",""
"485","33822","27",""
"485","33823","28",""
"485","33824","29",""
"485","33825","29",""
"485","33826","32",""
"485","33827","32",""
"485","33828","33",""
"485","1856","35",""
"485","33829","1",""
"485","33830","2",""
"485","33831","2",""
"485","33832","3",""
"485","33833","4",""
"485","33834","5",""
"485","33835","6",""
"485","33836","7",""
"485","33837","8",""
"485","33838","10",""
"485","33839","11",""
"485","33840","12",""
"485","33841","13",""
"436","33280","21",""
"436","33281","23",""
"436","33282","25",""
"436","33283","3",""
"436","33284","6",""
"436","33285","7",""
"436","33286","7",""
"436","33287","8",""
"436","33288","9",""
"436","33289","10",""
"436","33290","13",""
"436","33291","1",""
"436","33292","3",""
"436","33293","4",""
"436","33294","6",""
"436","33295","7",""
"436","33296","2",""
"436","33297","2",""
"436","33298","3",""
"436","33299","5",""
"436","33300","6",""
"436","33301","8",""
"436","33302","9",""
"436","33303","10",""
"436","39392","11",""
"436","39391","12",""
"436","39389","13",""
"436","39387","14",""
"436","39386","-1","未發車"
"436","39388","-1","未發車"
"436","39390","-1","未發車"
"436","33250","-1","未發車"
"436","33251","-1","未發車"
"436","33252","-1","未發車"
"436","33253","-1","未發車"
"436","33254","-1","未發車"
"436","33255","-1","未發車"
"436","33256","-1","未發車"
"436","33257","-1","未發車"
"436","33258","-1","未發車"
"436","33259","-1","未發車"
"436","33260","-1","未發車"
"436","33261","-1","未發車"
"436","33262","-1","未發車"
"436","33263","-1","未發車"
"436","33264","-1","未發車"
"436","33265","-1","未發車"
"436","33266","-1","未發車"
"436","33267","-1","未發車"
"436","33268","1",""
"436","33269","2",""
"436","33270","3",""
"436","33271","3",""
"436","33272","6",""
"436","33273","9",""
"436","33274","10",""
"436","33275","11",""
"436","33276","14",""
"436","33277","16",""
"436","33278","18",""
"436","33279","20",""
"438","33385","-1","未發車"
"438","33386","-1","未發車"
"438","33387","-1","未發車"
"438","33388","-1","未發車"
"438","33389","-1","未發車"
"438","33390","-1","未發車"
"438","33391","-1","未發車"
"438","33392","3",""
"438","33393","4",""
"438","33394","5",""
"438","33395","5",""
"438","33396","6",""
"438","33397","7",""
"438","33398","8",""
"438","33399","8",""
"438","33400","10",""
"438","33401","11",""
"438","33402","13",""
"438","33403","15",""
"438","33404","17",""
"438","33405","18",""
"438","33406","19",""
"438","33407","3",""
"438","33408","6",""
"438","33409","7",""
"438","33410","9",""
"438","33411","9",""
