"RouteID","StationId","EstimateTime","Memo"
"113","4082","50",""
"113","4083","51",""
"113","4084","51",""
"113","4085","55",""
"113","4086","56",""
"113","4087","57",""
"113","4088","58",""
"113","4089","60",""
"113","4090","62",""
"113","4091","63",""
"113","4092","2",""
"113","4093","3",""
"113","4094","4",""
"113","4095","5",""
"113","4096","5",""
"113","4097","8",""
"113","4098","9",""
"113","4099","11",""
"113","4100","13",""
"113","4101","14",""
"113","4102","15",""
"113","4103","17",""
"113","4104","17",""
"113","38998","19",""
"113","4106","20",""
"113","4107","21",""
"113","4108","22",""
"113","4109","23",""
"113","4110","26",""
"113","4111","27",""
"113","4112","28",""
"113","4113","28",""
"113","4114","29",""
"113","4115","31",""
"113","4116","31",""
"113","4117","32",""
"113","4118","34",""
"113","4119","1",""
"113","4120","2",""
"113","4121","3",""
"113","4122","4",""
"113","4124","5",""
"113","4125","6",""
"113","4126","7",""
"113","4127","9",""
"113","4128","9",""
"113","4129","10",""
"113","4130","10",""
"113","4131","11",""
"113","4132","13",""
"113","4133","19",""
"113","4134","19",""
"113","4135","20",""
"113","4002","17",""
"113","4003","18",""
"113","4004","19",""
"113","4005","19",""
"113","4006","21",""
"113","4007","22",""
"113","4008","23",""
"113","4009","25",""
"113","4010","25",""
"113","4011","27",""
"113","4012","27",""
"113","4013","27",""
"113","4014","28",""
"113","4015","28",""
"113","4016","1",""
"113","4017","2",""
"113","4018","2",""
"113","4019","3",""
"113","4020","5",""
"113","4021","5",""
"113","4022","7",""
"113","4023","8",""
"113","4024","8",""
"113","4025","9",""
"113","4026","9",""
"113","4027","10",""
"113","4028","10",""
"113","4029","11",""
"113","4030","12",""
"113","4031","13",""
"113","38997","15",""
"113","4032","16",""
"113","4033","17",""
"113","4034","18",""
"113","4035","19",""
"113","4036","21",""
"113","4037","23",""
"113","4038","25",""
"113","4039","25",""
"113","4040","26",""
"113","4041","28",""
"113","4042","29",""
"113","4043","30",""
"113","4044","30",""
"113","4045","31",""
"113","4046","32",""
"113","4047","35",""
"113","39650","35",""
"113","4048","36",""
"113","4049","37",""
"113","4050","38",""
"113","4051","41",""
"113","4052","42",""
"113","4053","42",""
"113","4054","44",""
"113","4055","46",""
"131","42274","17",""
"131","0372","22",""
"131","0373","23",""
"131","0374","23",""
"131","0375","24",""
"131","0376","27",""
"131","0377","29",""
"131","0378","29",""
"131","0379","31",""
"131","0380","31",""
"131","0381","33",""
"131","0382","34",""
"131","0383","35",""
"131","0384","37",""
"131","0385","37",""
"131","0386","39",""
"131","0387","40",""
"131","0388","40",""
"131","42275","41",""
"131","0389","42",""
"131","0390","43",""
"131","0391","43",""
"131","0392","44",""
"131","0393","46",""
"131","0394","46",""
"131","0395","47",""
"131","41313","48",""
"131","0396","48",""
"131","41314","49",""
"131","0397","50",""
"131","0398","51",""
"131","0399","51",""
"131","0400","52",""
"131","0401","53",""
"131","0402","53",""
"131","0403","54",""
"131","42276","55",""
"131","0404","57",""
"131","0405","58",""
"131","0406","59",""
"131","0407","60",""
"131","0408","1",""
"131","0409","3",""
"131","0410","3",""
"131","0411","5",""
"131","0412","8",""
"131","0413","9",""
"131","0414","10",""
"131","0415","12",""
"131","0416","14",""
"131","0417","14",""
"131","0418","15",""
"131","0419","17",""
"131","0420","17",""
"141","0289","-1","未發車"
"141","6602","-1","未發車"
"141","6603","-1","未發車"
"141","6604","-1","未發車"
"141","6605","-1","未發車"
"141","6606","-1","未發車"
"141","0017","-1","未發車"
"141","6607","-1","未發車"
"141","6608","-1","未發車"
"141","6609","-1","未發車"
"141","6610","1",""
"141","6611","2",""
"141","6612","2",""
"141","6613","3",""
"141","6614","4",""
"141","6615","5",""
"141","6616","6",""
"141","6617","8",""
"141","6618","10",""
"141","6619","11",""
"141","6620","15",""
"141","6621","16",""
"141","6622","20",""
"141","6626","22",""
"141","6627","23",""
"141","6628","25",""
"141","6629","26",""
"141","6630","27",""
"141","6631","29",""
"141","6632","29",""
"141","6633","30",""
"141","6634","31",""
"141","6635","31",""
"141","6636","32",""
"141","6637","32",""
"141","6639","34",""
"141","0018","34",""
"141","6640","35",""
"141","6641","35",""
"141","6642","38",""
"141","6643","40",""
"141","6644","40",""
"141","6645","43",""
"141","6646","45",""
"141","6647","46",""
"141","6648","48",""
"141","6649","49",""
"141","6650","50",""
"141","6651","51",""
"141","6652","51",""
"211","1479","10",""
"211","1480","13",""
"211","50575","1",""
"211","50574","2",""
"211","1483","8",""
"211","1484","10",""
"211","1485","11",""
"211","1486","14",""
"211","1487","15",""
"211","1488","18",""
"211","1489","18",""
"211","1490","19",""
"211","1491","2",""
"211","1492","5",""
"211","1493","5",""
"211","1494","6",""
"211","1495","7",""
"211","1496","8",""
"211","1497","9",""
"211","1498","10",""
"211","1499","11",""
"211","1500","1",""
"211","1501","2",""
"211","1502","3",""
"211","39067","4",""
"211","1503","6",""
"211","1504","7",""
"211","1505","8",""
"211","1506","10",""
"211","1507","2",""
"211","1508","3",""
"211","1509","4",""
"211","1510","5",""
"211","1511","5",""
"211","1512","6",""
"211","1513","7",""
"211","1514","9",""
"211","1515","10",""
"211","1516","1",""
"211","1517","2",""
"211","1518","3",""
"211","1519","4",""
"211","1520","5",""
"211","1521","7",""
"211","1522","8",""
"211","1523","9",""
"211","1524","10",""
"211","1525","11",""
"211","1526","12",""
"211","1527","12",""
"211","1528","13",""
"211","1529","13",""
"211","1530","14",""
"211","1531","14",""
"211","1532","16",""
"211","1533","17",""
"211","1534","18",""
"211","1535","19",""
"211","1537","22",""
"211","1538","22",""
"211","1422","-1","未發車"
"211","1423","-1","未發車"
"211","1424","-1","未發車"
"211","1425","-1","未發車"
"211","1426","-1","未發車"
"211","1427","-1","未發車"
"211","1428","1",""
"211","1429","1",""
"211","1430","2",""
"211","1431","3",""
"211","1432","4",""
"211","1433","5",""
"211","1434","6",""
"211","1435","7",""
"211","1436","9",""
"211","1437","9",""
"211","1438","11",""
"211","1439","13",""
"211","1440","14",""
"211","1442","2",""
"211","1443","3",""
"211","1444","4",""
"211","1445","6",""
"211","1446","7",""
"211","1447","7",""
"211","1448","8",""
"211","1449","9",""
"211","1450","9",""
"211","1451","11",""
"211","1452","12",""
"211","1453","14",""
"211","1454","15",""
"211","1455","15",""
"211","1456","2",""
"211","1457","3",""
"211","1458","4",""
"211","1459","5",""
"211","1460","1",""
"211","1461","2",""
"211","1462","3",""
"211","1463","4",""
"211","1464","6",""
"211","1465","7",""
"211","1466","9",""
"211","1467","10",""
"211","1468","13",""
"211","1469","15",""
"211","1470","16",""
"211","1471","2",""
"211","1472","5",""
"211","1473","6",""
"211","1474","6",""
"211","1475","1",""
"211","1476","2",""
"211","1477","3",""
"211","1478","7",""
"5312","7451","-1","未發車"
"5312","7452","-1","未發車"
"5312","7453","-1","未發車"
"5312","7454","-1","未發車"
"5312","7455","-1","未發車"
"5312","7456","-1","未發車"
"5312","7457","3",""
"5312","7458","4",""
"5312","7459","6",""
"5312","7460","8",""
"5312","7461","8",""
"5312","7462","9",""
"5312","7463","10",""
"5312","7464","13",""
"5312","7465","14",""
"5312","7466","17",""
"5312","7467","17",""
"5312","7468","18",""
"5312","7469","2",""
"5312","7470","4",""
"5312","7471","5",""
"5312","7472","6",""
"5312","7473","2",""
"5312","7474","3",""
"5312","7475","6",""
"5312","7476","8",""
"5312","7477","10",""
"5312","7478","11",""
"5312","7479","11",""
"5312","7480","13",""
"5312","7481","14",""
"5312","7482","15",""
"5312","7483","17",""
"5312","7484","18",""
"5312","7485","18",""
"5312","7486","19",""
"5312","7487","21",""
"5230","2181","-1","未發車"
"5230","2182","-1","未發車"
"5230","3485","-1","未發車"
"5230","2183","-1","未發車"
"5230","2184","-1","未發車"
"5230","42388","-1","未發車"
"5230","2185","-1","未發車"
"5230","2186","-1","未發車"
"5230","40510","-1","未發車"
"5230","2187","-1","未發車"
"5230","2188","-1","未發車"
"5230","2189","-1","未發車"
"5230","2190","-1","未發車"
"5230","2191","-1","未發車"
"5230","2192","-1","未發車"
"5230","2193","1",""
"5230","2194","2",""
"5230","2195","3",""
"5230","2196","3",""
"5230","2197","4",""
"5230","2198","5",""
"5230","2199","5",""
"5230","2200","5",""
"5230","2201","6",""
"5230","2202","8",""
"5230","2203","8",""
"5230","2204","10",""
"5230","2205","2",""
"5230","2206","3",""
"5230","2207","6",""
"5230","2208","7",""
"5230","2209","8",""
"5230","2210","8",""
"5230","2211","8",""
"5230","2212","9",""
"5230","2213","10",""
"5230","2214","11",""
"5230","2215","12",""
"5230","2216","12",""
"5230","2217","13",""
"5230","2218","13",""
"5230","2219","1",""
"5230","2220","2",""
"5230","2221","3",""
"5230","40511","4",""
"5230","2222","4",""
"5230","2223","5",""
"5230","42389","5",""
"5230","2224","6",""
"5230","2225","7",""
"5230","2226","8",""
"5230","2227","9",""
"5230","3486","9",""
"226","10661","-1","未發車"
"226","10662","-1","未發車"
"226","10663","-1","未發車"
"226","10664","-1","未發車"
"226","10665","3",""
"226","10666","4",""
"226","10667","5",""
"226","10668","6",""
"226","10669","7",""
"226","10670","8",""
"226","10671","9",""
"226","10672","10",""
"226","10673","10",""
"226","10674","12",""
"226","10675","14",""
"226","10676","16",""
"226","10677","17",""
"226","41368","22",""
"226","41370","2",""
"226","10678","6",""
"226","10679","6",""
"226","10680","7",""
"226","10681","7",""
"226","10682","8",""
"226","10683","8",""
"226","10684","9",""
"226","10685","9",""
"226","10686","10",""
"226","10687","10",""
"226","10688","11",""
"226","10689","11",""
"226","10690","12",""
"226","10691","13",""
"226","10692","13",""
"226","10693","14",""
"226","10694","14",""
"226","10695","16",""
"226","10696","17",""
"226","10697","17",""
"226","10698","1",""
"226","10699","2",""
"226","10700","2",""
"226","10701","3",""
"226","10702","3",""
"226","10703","4",""
"226","10704","4",""
"226","10705","5",""
"226","10706","5",""
"226","10707","6",""
"226","10708","6",""
"226","10709","7",""
"226","10710","7",""
"226","10711","9",""
"226","10712","9",""
"226","10713","10",""
"226","10714","10",""
"226","10715","11",""
"226","10716","11",""
"226","41371","15",""
"226","41369","20",""
"226","10717","2",""
"226","10718","2",""
"226","10719","4",""
"226","10720","4",""
"226","10721","6",""
"226","10722","7",""
"226","10723","8",""
"226","10724","9",""
"226","10725","10",""
"226","10726","10",""
"226","10727","11",""
"226","10728","12",""
"226","10729","15",""
"226","10730","16",""
"226","10731","2",""
"226","10732","2",""
"190","14931","8",""
"190","14932","4",""
"190","14933","6",""
"190","14934","6",""
"190","14935","7",""
"190","14936","7",""
"190","0016","8",""
"190","14937","10",""
"190","14938","11",""
"190","14939","12",""
"190","14940","12",""
"190","14941","13",""
"190","14942","14",""
"190","14943","16",""
"190","14944","17",""
"190","14945","17",""
"190","14946","18",""
"190","14947","19",""
"190","14948","20",""
"190","14949","20",""
"190","14950","21",""
"190","14951","21",""
"190","14952","22",""
"190","1551","22",""
"190","14953","22",""
"190","14954","23",""
"190","14955","23",""
"190","14956","24",""
"190","14957","24",""
"190","14958","25",""
"190","14959","1",""
"190","14960","1",""
"190","1552","2",""
"190","14961","2",""
"190","14962","3",""
"190","14963","4",""
"190","14964","5",""
"190","14965","6",""
"190","14966","6",""
"190","14967","7",""
"190","14968","7",""
"190","14969","8",""
"190","14970","9",""
"190","14971","9",""
"190","14972","10",""
"190","14973","11",""
"190","14974","11",""
"190","14975","12",""
"190","14976","12",""
"190","14977","13",""
"190","4554","13",""
"190","14978","14",""
"190","14979","14",""
"190","14980","15",""
"190","14981","16",""
"190","14982","16",""
"190","14983","18",""
"190","14984","18",""
"190","14985","18",""
"190","14986","19",""
"190","14987","22",""
"190","14988","23",""
"190","14990","26",""
"190","41257","27",""
"190","14871","7",""
"190","14872","9",""
"190","14873","12",""
"190","14874","14",""
"190","14875","16",""
"190","14876","17",""
"190","14877","18",""
"190","14878","18",""
"190","14879","19",""
"190","14880","20",""
"190","14881","20",""
"190","14882","22",""
"190","14883","22",""
"190","4553","23",""
"190","14884","23",""
"190","14885","24",""
"190","14886","24",""
"190","14887","25",""
"190","14888","25",""
"190","14889","26",""
"190","14890","26",""
"190","14891","27",""
"190","14892","27",""
"190","14893","28",""
"190","14894","29",""
"190","14895","29",""
"190","14896","30",""
"190","14897","30",""
"190","14898","31",""
"190","14899","32",""
"190","14900","33",""
"190","1549","34",""
"190","14901","34",""
"190","14902","35",""
"190","14903","38",""
"190","14904","38",""
"190","14905","38",""
"190","14906","39",""
"190","14907","39",""
"190","14908","40",""
"190","1550","40",""
"190","14909","41",""
"190","14910","41",""
"190","14911","42",""
"190","14912","42",""
"190","14913","42",""
"190","14914","43",""
"190","14915","43",""
"190","14916","44",""
"190","14917","44",""
"190","14918","44",""
"190","14919","45",""
"190","14920","46",""
"190","14921","48",""
"190","14922","48",""
"190","14923","49",""
"190","14924","50",""
"190","14925","50",""
"190","0015","52",""
"190","14926","53",""
"190","14927","53",""
"190","14928","54",""
"190","14929","56",""
"190","14930","56",""
"5243","16431","37",""
"5243","16432","39",""
"5243","16433","42",""
"5243","16434","43",""
"5243","16435","43",""
"5243","16436","44",""
"5243","16437","45",""
"5243","16438","45",""
"5243","16439","46",""
"5243","16440","48",""
"5243","16441","48",""
"5243","16442","48",""
"5243","16443","49",""
"5243","16444","50",""
"5243","16445","51",""
"5243","16446","52",""
"5243","16447","53",""
"5243","2178","54",""
"5243","42329","55",""
"5243","2179","56",""
"5243","16448","57",""
"5243","16449","58",""
"5243","16450","58",""
"5243","16451","59",""
"5243","16452","59",""
"5243","16453","60",""
"5243","41292","60",""
"5243","16454","61",""
"5243","16455","61",""
"5243","16456","63",""
"5243","16457","64",""
"5243","16458","64",""
"5243","16459","64",""
"5243","16460","65",""
"5243","39467","67",""
"5243","16461","67",""
"5243","16462","68",""
"5243","16463","68",""
"5243","16464","69",""
"5239","15827","250",""
"5239","15828","250",""
"5239","15829","250",""
"5239","15830","250",""
"5239","15831","250",""
"5239","15832","250",""
"5239","15833","250",""
"5239","15834","250",""
"5239","15835","250",""
"5239","15836","250",""
"5239","15837","250",""
"5239","15838","250",""
"5239","1937","250",""
"5239","15839","250",""
"5239","15840","250",""
"5239","15841","250",""
"5239","15842","250",""
"5239","15843","250",""
"5239","15844","250",""
"5239","15845","250",""
"5239","15846","250",""
"5239","15847","250",""
"5239","15848","250",""
"5239","15849","250",""
"5239","15850","250",""
"5239","15851","250",""
"5239","15852","250",""
"5239","15853","250",""
"5239","0049","250",""
"5239","15854","250",""
"5239","15855","250",""
"5239","15856","250",""
"5239","15857","250",""
"5239","15858","2",""
"5239","0050","3",""
"5239","15859","4",""
"5239","15860","7",""
"5239","15861","8",""
"5239","15862","9",""
"5239","15791","250",""
"5239","15792","250",""
"5239","15793","250",""
"5239","0047","250",""
"5239","15794","250",""
"5239","15795","250",""
"5239","15796","250",""
"5239","15797","250",""
"5239","15798","250",""
"5239","0048","250",""
"5239","15799","250",""
"5239","15800","250",""
"5239","15801","250",""
"5239","15802","250",""
"5239","15803","250",""
"5239","15804","250",""
"5239","15805","250",""
"5239","42600","250",""
"5239","15806","250",""
"5239","15807","250",""
"5239","15808","250",""
"5239","15809","250",""
"5239","15810","250",""
"5239","15811","250",""
"5239","15812","250",""
"5239","15813","250",""
"5239","1936","250",""
"5239","15814","250",""
"5239","15815","250",""
"5239","15816","250",""
"5239","15817","250",""
"5239","15818","250",""
"5239","15819","250",""
"5239","15820","250",""
"5239","15821","250",""
"5239","15822","250",""
"5239","15823","250",""
"5239","15824","250",""
"5239","15825","250",""
"5239","15826","250",""
"1015","24061","254",""
"1015","24062","254",""
"1015","24063","254",""
"1015","24064","254",""
"1015","24065","254",""
"1015","24066","254",""
"1015","39194","254",""
"1015","24067","254",""
"1015","24068","254",""
"1015","24069","254",""
"1015","24070","254",""
"1015","24071","254",""
"1015","24072","254",""
"1015","24073","254",""
"1015","24074","254",""
"1015","24075","254",""
"1015","24077","254",""
"1015","24076","254",""
"1015","24078","254",""
"1015","24079","254",""
"1015","24080","254",""
"1015","24081","254",""
"1015","24082","254",""
"1015","24083","254",""
"1015","41027","254",""
"1015","41028","254",""
"1015","39191","254",""
"1015","40121","254",""
"1015","41031","254",""
"1015","41032","254",""
"1015","24086","254",""
"1015","24087","254",""
"1015","24088","254",""
"1015","24089","254",""
"1015","24090","254",""
"1015","24091","254",""
"1015","24092","2",""
"1015","24093","4",""
"1015","24094","4",""
"1015","24095","6",""
"8029","26101","138",""
"8029","26102","138",""
"8029","26103","140",""
"8029","26104","141",""
"8029","26105","143",""
"8029","26106","146",""
"8029","26107","148",""
"8029","26108","150",""
"8029","26109","150",""
"8029","26110","152",""
"8029","26111","154",""
"8031","26171","27",""
"8031","26172","27",""
"8031","26173","28",""
"8031","26174","28",""
"8031","26175","29",""
"8031","26176","29",""
"8031","26177","30",""
"8031","26178","30",""
"8031","26179","31",""
"8031","26180","31",""
"8031","26181","32",""
"8031","26184","32",""
"8031","26183","33",""
"8031","26185","33",""
"8031","26187","34",""
"8031","26190","34",""
"8031","26191","35",""
"8031","26192","35",""
"8031","26193","36",""
"8031","26194","36",""
"8031","26195","37",""
"8031","26196","37",""
"8031","26197","38",""
"8031","26198","38",""
"8031","26199","39",""
"8031","26200","39",""
"8031","26201","40",""
"8031","26202","40",""
"8031","26203","41",""
"2035","27511","7",""
"2035","27512","9",""
"2035","27513","14",""
"2035","27514","17",""
"2035","27515","4",""
"2035","27516","7",""
"5229","3971","0",""
"5229","3972","5",""
"5229","3973","5",""
"5229","3974","6",""
"5229","3975","7",""
"5229","3976","10",""
"5229","3977","11",""
"5229","3978","11",""
"5229","3979","14",""
"1040","29781","78",""
"1040","29782","78",""
"1040","29783","79",""
"1040","29784","79",""
"1040","29785","80",""
"1040","29786","80",""
"1040","29787","81",""
"1075","32022","7",""
"1075","32023","8",""
"1075","32024","10",""
"1075","32025","12",""
"1075","32026","13",""
"1075","32027","15",""
"1075","32028","16",""
"1075","32029","17",""
"1075","32030","18",""
"1075","32031","19",""
"1075","32032","19",""
"1075","32033","20",""
"1075","32034","20",""
"1075","32035","21",""
"1075","32036","22",""
"1075","32037","22",""
"1075","32038","26",""
"1075","32039","29",""
"1075","32040","32",""
"1075","32041","33",""
"1075","41054","33",""
"1075","41053","34",""
"1075","32042","38",""
"1075","41055","39",""
"1075","32043","40",""
"1075","32044","44",""
"1075","32045","46",""
"1075","32046","47",""
"1075","32047","48",""
"1075","32048","51",""
"1075","32049","52",""
"1075","32050","52",""
"1075","32051","54",""
"1075","32052","54",""
"1075","32053","55",""
"1075","32054","56",""
"1075","32055","56",""
"1075","32056","57",""
"1075","41684","57",""
"1075","41685","58",""
"1075","41686","59",""
"1075","32059","64",""
"1075","32060","65",""
"1075","32061","65",""
"1075","32062","66",""
"1075","32063","67",""
"1075","32064","68",""
"1075","32065","68",""
"1075","32066","69",""
"1075","32067","70",""
"1075","32068","71",""
"1075","32069","71",""
"1075","32070","72",""
"1075","32071","73",""
"1075","32072","75",""
"1075","32073","77",""
"1075","32074","77",""
"1075","32075","79",""
"5623","7151","18",""
"5623","7152","20",""
"5623","7153","20",""
"5623","7154","21",""
"5623","7155","22",""
"5623","7156","22",""
"5623","40734","25",""
"5623","7157","26",""
"5623","7158","27",""
"5623","7159","27",""
"5623","7160","28",""
"5623","7161","31",""
"5623","42196","35",""
"5623","7162","36",""
"5623","7163","37",""
"5623","42685","43",""
"5623","7164","46",""
"5623","7165","47",""
"5623","7166","50",""
"5623","7167","53",""
"5623","7168","55",""
"5623","7169","55",""
"5623","41254","57",""
"5623","7170","60",""
"5623","7171","60",""
"5623","7172","61",""
"5623","7173","63",""
"5623","7174","66",""
"2008","22641","27",""
"2008","22642","28",""
"2008","22643","29",""
"2008","22644","30",""
"2008","22645","31",""
"2008","22646","32",""
"2008","22647","33",""
"2008","22648","34",""
"2008","22649","36",""
"2008","22650","37",""
"2008","22651","38",""
"2008","22652","38",""
"2008","22653","40",""
"2008","22654","42",""
"2008","22655","42",""
"2008","22656","43",""
"2008","22657","43",""
"2008","22658","44",""
"2008","22659","45",""
"2008","22660","46",""
"2008","22661","46",""
"2008","22662","48",""
"2008","22663","48",""
"2008","22664","49",""
"2008","22665","50",""
"2008","22666","51",""
"2008","22667","54",""
"2008","22668","55",""
"2008","22669","55",""
"2008","22670","55",""
"2008","22671","56",""
"2008","22672","57",""
"2008","22673","58",""
"2008","22674","59",""
"2008","22675","61",""
"2008","22676","62",""
"2008","22677","62",""
"2008","22678","64",""
"2008","22679","65",""
"2008","22680","65",""
"2008","22681","66",""
"2008","22682","67",""
"2008","22683","68",""
"2008","22684","69",""
"2008","22685","70",""
"2008","22686","71",""
"2008","22687","71",""
"2008","22688","72",""
"2008","22689","72",""
"2008","22690","73",""
"2008","22691","74",""
"2008","22692","75",""
"2008","22693","76",""
"9014","27821","3",""
"9014","27822","3",""
"9014","27823","4",""
"9014","27824","5",""
"9014","27825","7",""
"9014","27826","8",""
"9014","27827","10",""
"9014","27828","11",""
"9014","27829","15",""
"9014","27830","18",""
"9014","27831","19",""
"9014","27832","20",""
"9014","27833","20",""
"9014","27834","21",""
"9014","27835","22",""
"9014","27836","24",""
"9014","27837","24",""
"9014","27838","25",""
"9014","27839","26",""
"9014","27840","26",""
"9014","27841","27",""
"9014","27842","28",""
"803","11954","21",""
"803","11955","21",""
"803","11956","22",""
"803","11957","22",""
"803","11958","22",""
"803","11959","1",""
"803","1153","2",""
"803","11960","3",""
"803","11961","3",""
"803","11962","4",""
"803","11963","5",""
"803","11964","6",""
"803","11965","7",""
"803","11966","8",""
"803","11967","9",""
"803","11968","10",""
"803","11969","11",""
"803","11970","12",""
"803","11971","13",""
"803","11972","14",""
"803","11973","14",""
"803","11974","2",""
"803","11975","2",""
"803","11976","3",""
"803","11977","4",""
"803","11978","4",""
"803","11979","8",""
"803","11980","9",""
"803","11981","10",""
"803","11982","10",""
"803","11983","11",""
"803","11984","12",""
"803","11985","12",""
"803","11986","13",""
"803","11987","14",""
"803","11988","15",""
"803","11989","16",""
"803","11990","17",""
"803","11991","18",""
"803","11992","19",""
"803","11993","19",""
"803","11921","-1","未發車"
"803","11922","-1","未發車"
"803","11923","-1","未發車"
"803","11924","-1","未發車"
"803","11925","-1","未發車"
"803","11926","-1","未發車"
"803","11927","-1","未發車"
"803","11928","-1","未發車"
"803","11929","-1","未發車"
"803","11930","-1","未發車"
"803","11931","-1","未發車"
"803","11932","-1","未發車"
"803","11933","-1","未發車"
"803","11934","1",""
"803","11935","3",""
"803","11936","3",""
"803","11937","6",""
"803","11938","7",""
"803","11939","7",""
"803","11940","8",""
"803","11941","9",""
"803","11942","11",""
"803","11943","11",""
"803","11944","12",""
"803","11945","13",""
"803","11946","14",""
"803","11947","15",""
"803","11948","16",""
"803","11949","17",""
"803","11950","18",""
"803","11951","18",""
"803","11952","19",""
"803","11953","20",""
"5663","21555","37",""
"5663","21556","37",""
"5663","21557","38",""
"5663","21558","39",""
"5663","21559","39",""
"5663","21560","40",""
"5663","21561","40",""
"5663","21562","41",""
"5663","21563","42",""
"5663","21564","43",""
"5663","21565","45",""
"5663","21566","48",""
"5663","21567","48",""
"5663","21568","49",""
"5663","21569","50",""
"5663","21570","57",""
"5663","21571","57",""
"5663","21572","58",""
"5663","21573","60",""
"5663","21574","61",""
"5663","21578","61",""
"5663","21579","62",""
"5663","21580","62",""
"5663","21581","63",""
"5663","21582","63",""
"5663","21583","64",""
"5663","21584","67",""
"5663","21585","68",""
"5663","21586","68",""
"5663","21587","69",""
"5663","21588","70",""
"5663","21589","70",""
"5663","21590","71",""
"5663","21591","72",""
"5663","21592","73",""
"5663","21593","74",""
"5663","21594","74",""
"5663","21595","76",""
"5663","40541","76",""
"5663","21596","77",""
"5663","21597","78",""
"5663","21598","80",""
"5663","21599","80",""
"5663","21600","80",""
"5663","21601","81",""
"5663","21602","82",""
"5663","21603","83",""
"5663","21604","83",""
"5663","21605","86",""
"5663","21606","90",""
"5663","21607","91",""
"5663","21608","93",""
"5663","21609","1",""
"5663","21610","3",""
"5663","21611","3",""
"5663","21612","5",""
"5663","21613","6",""
"5663","21614","7",""
"5663","21615","8",""
"5663","21616","9",""
"5663","21617","10",""
"5663","21494","53",""
"5663","21495","53",""
"5663","21496","55",""
"5663","21497","56",""
"5663","21498","57",""
"5663","21499","58",""
"5663","21500","59",""
"5663","21501","67",""
"5663","21502","68",""
"5663","21503","72",""
"5663","21504","73",""
"5663","21505","74",""
"5663","21506","75",""
"5663","21507","76",""
"5663","21508","76",""
"5663","21509","77",""
"5663","21510","77",""
"5663","21511","78",""
"5663","40540","79",""
"5663","21512","80",""
"5663","21513","80",""
"5663","21514","81",""
"5663","21515","82",""
"5663","21516","82",""
"5663","21517","83",""
"5663","21518","84",""
"5663","21519","85",""
"5663","21520","85",""
"5663","21521","86",""
"5663","21522","87",""
"5663","21523","87",""
"5663","21524","88",""
"5663","21525","89",""
"5663","21526","90",""
"5663","21527","92",""
"5663","21528","93",""
"5663","21529","94",""
"5663","39619","95",""
"5663","21530","95",""
"5663","21531","96",""
"5663","21535","97",""
"5663","21536","97",""
"5663","21537","98",""
"5663","21538","98",""
"5663","21539","99",""
"5663","21540","99",""
"5663","21541","100",""
"5663","21542","100",""
"5663","21543","101",""
"5663","21544","101",""
"5663","21545","102",""
"5663","21546","103",""
"5663","21547","104",""
"5663","21548","104",""
"5663","21549","105",""
"5663","21550","106",""
"5663","21551","106",""
"5663","21552","106",""
"5663","21553","107",""
"5663","21554","107",""
"127","12451","3",""
"127","12452","3",""
"127","12453","4",""
"127","12454","5",""
"127","12455","6",""
"127","12456","6",""
"127","12457","7",""
"127","12458","8",""
"127","12459","9",""
"127","12460","9",""
"127","12461","10",""
"127","12462","10",""
"127","12463","12",""
"127","12464","12",""
"127","12465","13",""
"127","12466","13",""
"127","12467","14",""
"127","12468","15",""
"127","12469","15",""
"127","12470","16",""
"127","12471","17",""
"127","12472","17",""
"127","12473","18",""
"127","12474","19",""
"127","12475","20",""
"127","12476","20",""
"127","12477","21",""
"127","12478","22",""
"127","12479","22",""
"127","12480","22",""
"127","12481","23",""
"127","12482","24",""
"127","12483","24",""
"127","12484","24",""
"127","12485","25",""
"127","12486","26",""
"127","12487","26",""
"127","12488","27",""
"127","12489","27",""
"127","12490","28",""
"127","12491","28",""
"127","12492","28",""
"127","12493","29",""
"127","12494","30",""
"127","12495","31",""
"127","12496","31",""
"127","12497","32",""
"127","12498","32",""
"127","12499","33",""
"127","12500","33",""
"127","12501","34",""
"127","12502","34",""
"127","12503","36",""
"127","12504","37",""
"127","12505","38",""
"127","12506","39",""
"127","12507","40",""
"127","12508","41",""
"127","12509","41",""
"127","12510","42",""
"127","12511","42",""
"127","12512","43",""
"127","12513","43",""
"127","12514","44",""
"127","12515","44",""
"127","12516","45",""
"127","12517","45",""
"127","12518","46",""
"127","12519","46",""
"127","12520","47",""
"127","12521","47",""
"127","12522","48",""
"127","12523","48",""
"127","12524","49",""
"127","12525","49",""
"127","12526","49",""
"127","12527","50",""
"127","12528","50",""
"127","12529","51",""
"127","12530","52",""
"127","12531","53",""
"127","12532","53",""
"127","12533","54",""
"127","12534","55",""
"127","12535","55",""
"127","12536","56",""
"127","12537","56",""
"128","19482","250",""
"128","19483","250",""
"128","19484","250",""
"128","19485","250",""
"128","19486","250",""
"128","19487","250",""
"128","19488","250",""
"128","19489","250",""
"128","19490","250",""
"128","19491","250",""
"128","19492","250",""
"128","19493","250",""
"128","19494","250",""
"128","19495","250",""
"128","19496","250",""
"128","19497","250",""
"128","19498","250",""
"128","19499","250",""
"128","19500","250",""
"128","19501","250",""
"128","19502","250",""
"128","19503","250",""
"128","19504","250",""
"128","19505","250",""
"128","19506","250",""
"128","19507","250",""
"128","19508","250",""
"128","19509","2",""
"128","19510","2",""
"128","19511","3",""
"128","19512","3",""
"128","19513","4",""
"128","19514","4",""
"128","19515","5",""
"128","19516","5",""
"128","19517","6",""
"128","19518","6",""
"128","19519","7",""
"128","19520","8",""
"128","19521","8",""
"128","19522","9",""
"128","19523","9",""
"128","19524","9",""
"128","19525","10",""
"128","19526","11",""
"128","19527","12",""
"128","19528","12",""
"128","19529","13",""
"128","19530","13",""
"128","19531","13",""
"128","19532","14",""
"128","19533","14",""
"128","19534","16",""
"128","19535","17",""
"128","19536","18",""
"128","19537","20",""
"128","19538","21",""
"128","19539","21",""
"128","19540","21",""
"128","19541","22",""
"128","19542","22",""
"128","19543","24",""
"128","19544","24",""
"128","19545","25",""
"128","19546","25",""
"128","19547","26",""
"128","19548","26",""
"128","19549","27",""
"128","19550","28",""
"482","32451","2",""
"482","32452","2",""
"482","32453","3",""
"482","32454","4",""
"482","32455","5",""
"482","1160","7",""
"482","32456","7",""
"482","32457","11",""
"482","32458","13",""
"482","32459","16",""
"482","32460","18",""
"482","32461","2",""
"482","32462","4",""
"482","32463","7",""
"482","32464","9",""
"482","32465","9",""
"482","32466","10",""
"482","32467","10",""
"482","32468","12",""
"482","32469","12",""
"482","32470","13",""
"482","32471","15",""
"482","32472","15",""
"482","32473","16",""
"482","32474","17",""
"482","32475","18",""
"482","32476","19",""
"482","32477","20",""
"482","32478","21",""
"482","32479","21",""
"482","32480","22",""
"482","32481","22",""
"482","32482","24",""
"482","32483","1",""
"482","32484","2",""
"482","32485","2",""
"482","32486","2",""
"482","32487","3",""
"482","32488","4",""
"482","32489","5",""
"482","32490","5",""
"482","32491","6",""
"482","32492","6",""
"482","32493","6",""
"482","32494","7",""
"482","32495","8",""
"482","32406","-1","未發車"
"482","32407","1",""
"482","32408","1",""
"482","32409","3",""
"482","32410","4",""
"482","32411","4",""
"482","32412","5",""
"482","32413","6",""
"482","32414","7",""
"482","32415","8",""
"482","32416","9",""
"482","32417","9",""
"482","32418","10",""
"482","32419","11",""
"482","32420","1",""
"482","32421","2",""
"482","32422","3",""
"482","32423","4",""
"482","32424","4",""
"482","32425","6",""
"482","32426","7",""
"482","32427","8",""
"482","32428","10",""
"482","32429","11",""
"482","32430","13",""
"482","32431","14",""
"482","32432","15",""
"482","32433","1",""
"482","32434","2",""
"482","32435","3",""
"482","32436","3",""
"482","32437","5",""
"482","32438","9",""
"482","32439","2",""
"482","32440","4",""
"482","32441","7",""
"482","32442","10",""
"482","32443","11",""
"482","32444","13",""
"482","32445","2",""
"482","32446","3",""
"482","32447","4",""
"482","32448","6",""
"482","32449","8",""
"482","32450","9",""
"484","39355","18",""
"484","39353","18",""
"484","32508","19",""
"484","32509","20",""
"484","32510","21",""
"484","32511","1",""
"484","32512","1",""
"484","32513","2",""
"484","32514","3",""
"484","32515","3",""
"484","32516","5",""
"484","32517","5",""
"484","32518","8",""
"484","32519","9",""
"484","32520","10",""
"484","32521","1",""
"484","32522","2",""
"484","32523","3",""
"484","32524","5",""
"484","32525","5",""
"484","32526","7",""
"484","32527","9",""
"484","32528","11",""
"484","32529","14",""
"484","32530","17",""
"484","32531","22",""
"484","32532","26",""
"484","32533","28",""
"484","1544","2",""
"484","40345","4",""
"484","32534","6",""
"484","32535","7",""
"484","32536","9",""
"484","32537","11",""
"484","32538","11",""
"484","32539","14",""
"484","32540","15",""
"484","32541","15",""
"484","32542","16",""
"484","32544","18",""
"484","32545","20",""
"484","32546","23",""
"484","32547","27",""
"484","32548","31",""
"484","32549","36",""
"484","32550","39",""
"484","32551","42",""
"484","32552","45",""
"484","32553","47",""
"484","32554","48",""
"484","32555","48",""
"484","32556","49",""
"484","32557","50",""
"484","32558","51",""
"484","32559","53",""
"484","32560","56",""
"484","32561","56",""
"484","32562","57",""
"484","32563","58",""
"484","32564","60",""
"484","32565","60",""
"484","32566","61",""
"484","32567","62",""
"484","32568","63",""
"484","32569","63",""
"484","32570","64",""
"484","39354","65",""
"484","39356","67",""
"157","33087","-1","未發車"
"157","33088","-1","未發車"
"157","33089","-1","未發車"
"157","33090","-1","未發車"
"157","33091","2",""
"157","33092","3",""
"157","33093","4",""
"157","33094","7",""
"157","33095","2",""
"157","33096","3",""
"157","33097","5",""
"157","33098","6",""
"157","33099","1",""
"157","33100","3",""
"157","33101","5",""
"157","39649","6",""
"157","33102","6",""
"157","33103","7",""
"157","33104","4",""
"157","33105","5",""
"157","33106","6",""
"157","33107","8",""
"157","33108","2",""
"157","33109","4",""
"157","33110","8",""
"157","33111","2",""
"157","33112","1",""
"157","33113","2",""
"157","33114","4",""
"157","33115","1",""
"157","33116","2",""
"157","33117","4",""
"157","33118","4",""
"157","33119","8",""
"157","33120","9",""
"157","33121","2",""
"157","33122","5",""
"157","33123","6",""
"157","33124","7",""
"157","33125","9",""
"157","33126","2",""
"157","33127","4",""
"157","33128","2",""
"157","33129","4",""
"157","33130","6",""
"157","33131","8",""
"157","33132","11",""
"157","33133","12",""
"157","33134","1",""
"157","33135","1",""
"157","33136","2",""
"157","2249","3",""
"157","33137","4",""
"157","33138","5",""
"157","33139","7",""
"157","33140","1",""
"157","33141","3",""
"157","33142","1",""
"157","33143","6",""
"157","33144","7",""
"157","33145","1",""
"157","33146","2",""
"157","33147","3",""
"157","33148","4",""
"157","33149","6",""
"157","33150","7",""
"157","33151","8",""
"157","33152","10",""
"157","33153","11",""
"157","33154","1",""
"157","33155","3",""
"157","33156","4",""
"157","33157","5",""
"157","33158","6",""
"157","33159","7",""
"157","33160","8",""
"157","33161","9",""
"157","33162","9",""
"157","33163","1",""
"157","33164","2",""
"157","33165","3",""
"5410","33455","18",""
"5410","33456","18",""
"5410","33457","19",""
"5410","33458","20",""
"5410","33459","22",""
"5410","33460","23",""
"5410","33461","25",""
"5410","33462","26",""
"5410","33463","27",""
"5410","33464","2",""
"5410","33465","3",""
"5410","33466","5",""
"5410","33467","5",""
"5410","33468","6",""
"5410","33469","6",""
"5410","33470","7",""
"5410","33471","8",""
"5410","33472","8",""
"5410","33473","9",""
"5410","33474","9",""
"5410","38976","10",""
"5410","33475","10",""
"5410","1372","10",""
"5410","1373","10",""
"5410","1374","11",""
"5410","1375","12",""
"5410","1376","12",""
"5410","1377","13",""
"5410","1378","13",""
"5410","1379","14",""
"5410","1380","15",""
"5410","1381","16",""
"5410","1382","16",""
"5410","1383","17",""
"5410","38981","17",""
"5410","1384","17",""
"5410","38978","18",""
"5410","33476","18",""
"5410","33477","19",""
"5410","33478","20",""
"5410","33479","20",""
"5410","33480","21",""
"5410","33481","22",""
"5410","33482","22",""
"5410","33483","23",""
"5410","55858","24",""
"5410","33484","24",""
"5410","33485","25",""
"5410","33486","27",""
"5410","33487","27",""
"5410","33488","1",""
"5410","33489","2",""
"5410","33491","3",""
"5410","33492","3",""
"5410","33493","5",""
"5410","33494","6",""
"5410","33495","7",""
"5410","33496","8",""
"5410","33497","9",""
"5410","33498","13",""
"5410","33499","14",""
"5410","33500","15",""
"5410","33501","16",""
"5410","33502","18",""
"5410","33503","20",""
"5410","33504","21",""
"5410","33505","21",""
"5410","33506","24",""
"5410","33507","26",""
"5410","33508","2",""
"5410","33509","3",""
"5410","33510","4",""
"5410","33511","4",""
"5410","33512","5",""
"5410","33515","7",""
"5410","33516","8",""
"5410","33517","9",""
"5410","33518","10",""
"5410","33519","10",""
"5410","55859","11",""
"5410","33520","12",""
"5410","33521","13",""
"5410","33522","14",""
"5410","33523","14",""
"5410","33524","15",""
"5410","33525","16",""
"5410","33526","17",""
"5410","33527","17",""
"5410","38979","18",""
"5410","1385","18",""
"5410","1386","19",""
"5410","1387","19",""
"5410","1388","20",""
"5410","1389","20",""
"5410","1390","21",""
"5410","1391","22",""
"5410","1394","22",""
"5410","1395","24",""
"5410","1396","24",""
"5410","1397","25",""
"5410","1398","25",""
"5410","1399","26",""
"5410","38982","26",""
"5410","33528","27",""
"5410","38977","27",""
"5410","33529","27",""
"5410","33530","28",""
"5410","33531","28",""
"5410","33532","29",""
"5410","33533","30",""
"5410","33534","30",""
"5410","33535","31",""
"5410","33536","31",""
"5410","33537","32",""
"5410","33538","34",""
"5410","33539","34",""
"5410","33540","1",""
"5410","33541","2",""
"5410","33542","3",""
"5410","33543","5",""
"5410","33544","6",""
"5410","33545","8",""
"5410","33546","9",""
"5410","33547","10",""
"5215","33601","125",""
"5215","33602","126",""
"5215","33603","127",""
"5215","33604","128",""
"5215","33605","129",""
"5215","33606","130",""
"5215","33607","131",""
"5215","33608","1",""
"5215","33609","1",""
"5215","34433","7",""
"5215","45949","8",""
"5215","34434","12",""
"5215","34435","12",""
"5215","3567","14",""
"5215","34436","14",""
"5215","33610","15",""
"5215","34437","18",""
"5215","34438","18",""
"5215","34439","18",""
"5215","34440","22",""
"5215","34441","23",""
"5215","34442","24",""
"5215","34443","24",""
"5215","34444","25",""
"5215","34445","26",""
"5215","34446","26",""
"5215","34447","28",""
"5215","33611","29",""
"5215","33612","32",""
"5215","33613","33",""
"5215","33614","37",""
"5215","33615","38",""
"5215","33616","39",""
"5215","33617","39",""
"5215","33618","2",""
"5215","33619","2",""
"5215","33620","3",""
"5215","33621","3",""
"5215","33559","77",""
"5215","33560","77",""
"5215","33561","78",""
"5215","33562","78",""
"5215","33563","79",""
"5215","33564","79",""
"5215","33565","80",""
"5215","33566","80",""
"5215","33567","84",""
"5215","34431","84",""
"5215","33568","85",""
"5215","33569","87",""
"5215","33570","88",""
"5215","33571","90",""
"5215","33572","90",""
"5215","33573","91",""
"5215","33574","93",""
"5215","33575","93",""
"5215","33576","95",""
"5215","33577","95",""
"5215","33578","96",""
"5215","33579","96",""
"5215","33580","96",""
"5215","33581","97",""
"5215","34432","99",""
"5215","33582","99",""
"5215","33583","100",""
"5215","3566","102",""
"5215","33584","103",""
"5215","33585","104",""
"5215","45948","105",""
"5215","33586","105",""
"5215","33587","106",""
"5215","33588","110",""
"5215","33589","111",""
"5215","33590","111",""
"5215","33591","112",""
"5215","33592","114",""
"5215","33593","115",""
"5215","33594","117",""
"5215","33595","118",""
"5215","33596","119",""
"5215","33597","119",""
"5215","33598","120",""
"5215","33599","123",""
"5215","33600","124",""
"485","33783","4",""
"485","33784","6",""
"485","33785","6",""
"485","33787","7",""
"485","33788","8",""
"485","33789","9",""
"485","33790","10",""
"485","33791","13",""
"485","33793","17",""
"485","33794","18",""
"485","33796","20",""
"485","33797","22",""
"485","33798","23",""
"485","33799","26",""
"485","33800","26",""
"485","33801","29",""
"485","33802","1",""
"485","33803","3",""
"485","33804","4",""
"485","33805","5",""
"485","33806","7",""
"485","33807","8",""
"485","33808","9",""
"485","33809","9",""
"485","33810","2",""
"485","33811","3",""
"485","33812","4",""
"485","33813","5",""
"485","33814","5",""
"485","33815","6",""
"485","3659","7",""
"485","33816","8",""
"485","33817","11",""
"485","33818","14",""
"485","33819","2",""
"485","33820","2",""
"485","1855","4",""
"485","33821","5",""
"485","33822","6",""
"485","33823","6",""
"485","33824","7",""
"485","33825","8",""
"485","33826","10",""
"485","33827","10",""
"485","33828","11",""
"485","1856","12",""
"485","33829","13",""
"485","33830","13",""
"485","33831","14",""
"485","33832","14",""
"485","33833","15",""
"485","33834","16",""
"485","33835","17",""
"485","33836","19",""
"485","33837","20",""
"485","33838","21",""
"485","33839","22",""
"485","33840","23",""
"485","33841","24",""
"485","33722","-1","未發車"
"485","33723","-1","未發車"
"485","33724","-1","未發車"
"485","33725","-1","未發車"
"485","33726","-1","未發車"
"485","33727","-1","未發車"
"485","33728","-1","未發車"
"485","33729","-1","未發車"
"485","33730","-1","未發車"
"485","33731","1",""
"485","33732","4",""
"485","33733","4",""
"485","1854","5",""
"485","33734","6",""
"485","33735","7",""
"485","33736","7",""
"485","33737","8",""
"485","33738","9",""
"485","33739","10",""
"485","33740","11",""
"485","33741","12",""
"485","33742","13",""
"485","33743","14",""
"485","33744","17",""
"485","33745","2",""
"485","33746","3",""
"485","33747","4",""
"485","33748","7",""
"485","3658","8",""
"485","33749","10",""
"485","33750","11",""
"485","33751","11",""
"485","33752","13",""
"485","33753","13",""
"485","33754","14",""
"485","33755","15",""
"485","33756","15",""
"485","33757","16",""
"485","33758","17",""
"485","33759","19",""
"485","33760","20",""
"485","33761","21",""
"485","33762","22",""
"485","33763","24",""
"485","33764","26",""
"485","33765","27",""
"485","33766","29",""
"485","33767","33",""
"485","33768","34",""
"485","33770","3",""
"485","33771","4",""
"485","33773","2",""
"485","33774","5",""
"485","33775","7",""
"485","33776","8",""
"485","2248","8",""
"485","33777","10",""
"485","33778","11",""
"485","33779","1",""
"485","33780","2",""
"485","33781","2",""
"485","33782","3",""
"436","39386","-1","未發車"
"436","39388","-1","未發車"
"436","39390","-1","未發車"
"436","33250","-1","未發車"
"436","33251","-1","未發車"
"436","33252","1",""
"436","33253","3",""
"436","33254","4",""
"436","33255","6",""
"436","33256","8",""
"436","33257","10",""
"436","33258","11",""
"436","33259","13",""
"436","33260","4",""
"436","33261","4",""
"436","33262","5",""
"436","33263","6",""
"436","33264","7",""
"436","33265","8",""
"436","33266","10",""
"436","33267","11",""
"436","33268","11",""
"436","33269","12",""
"436","33270","14",""
"436","33271","15",""
"436","33272","17",""
"436","33273","20",""
"436","33274","1",""
"436","33275","2",""
"436","33276","4",""
"436","33277","6",""
"436","33278","8",""
"436","33279","10",""
"436","33280","11",""
"436","33281","2",""
"436","33282","2",""
"436","33283","6",""
"436","33284","8",""
"436","33285","9",""
"436","33286","9",""
"436","33287","10",""
"436","33288","11",""
"436","33289","12",""
"436","33290","13",""
"436","33291","15",""
"436","33292","15",""
"436","33293","16",""
"436","33294","19",""
"436","33295","19",""
"436","33296","2",""
"436","33297","2",""
"436","33298","1",""
"436","33299","2",""
"436","33300","3",""
"436","33301","5",""
"436","33302","6",""
"436","33303","7",""
"436","39392","8",""
"436","39391","9",""
"436","39389","10",""
"436","39387","10",""
"438","33385","-1","未發車"
"438","33386","-1","未發車"
"438","33387","-1","未發車"
"438","33388","-1","未發車"
"438","33389","-1","未發車"
"438","33390","-1","未發車"
"438","33391","2",""
"438","33392","4",""
"438","33393","8",""
"438","33394","9",""
"438","33395","9",""
"438","33396","10",""
"438","33397","11",""
"438","33398","12",""
"438","33399","13",""
